0.001	1.9577	1.34228	0.999995	-0.0186044
0.002	1.95767	1.34226	0.999981	-0.0372077
0.003	1.95762	1.34222	0.999957	-0.0558088
0.004	1.95756	1.34218	0.999924	-0.0744065
0.005	1.95747	1.34212	0.999881	-0.0929997
0.006	1.95737	1.34205	0.999829	-0.111587
0.007	1.95725	1.34197	0.999767	-0.130168
0.008	1.95711	1.34187	0.999696	-0.148741
0.009	1.95695	1.34177	0.999615	-0.167306
0.01	1.95678	1.34164	0.999525	-0.18586
0.011	1.95658	1.34151	0.999425	-0.204403
0.012	1.95637	1.34136	0.999316	-0.222934
0.013	1.95614	1.3412	0.999198	-0.241451
0.014	1.95589	1.34103	0.99907	-0.259954
0.015	1.95562	1.34085	0.998932	-0.278441
0.016	1.95533	1.34065	0.998785	-0.296912
0.017	1.95502	1.34044	0.998629	-0.315365
0.018	1.9547	1.34022	0.998463	-0.333798
0.019	1.95435	1.33998	0.998288	-0.352212
0.02	1.95399	1.33974	0.998103	-0.370605
0.021	1.95361	1.33948	0.997909	-0.388975
0.022	1.95322	1.3392	0.997706	-0.407323
0.023	1.9528	1.33892	0.997493	-0.425645
0.024	1.95236	1.33862	0.997271	-0.443942
0.025	1.95191	1.33831	0.997039	-0.462213
0.026	1.95144	1.33798	0.996799	-0.480456
0.027	1.95095	1.33765	0.996549	-0.49867
0.028	1.95044	1.3373	0.996289	-0.516854
0.029	1.94992	1.33694	0.996021	-0.535007
0.03	1.94937	1.33657	0.995743	-0.553128
0.031	1.94881	1.33618	0.995456	-0.571216
0.032	1.94823	1.33578	0.995159	-0.589269
0.033	1.94763	1.33537	0.994854	-0.607288
0.034	1.94701	1.33495	0.994539	-0.625269
0.035	1.94638	1.33452	0.994215	-0.643214
0.036	1.94573	1.33407	0.993882	-0.66112
0.037	1.94506	1.33361	0.993539	-0.678986
0.038	1.94437	1.33314	0.993188	-0.696811
0.039	1.94366	1.33265	0.992827	-0.714595
0.04	1.94294	1.33216	0.992458	-0.732336
0.041	1.9422	1.33165	0.992079	-0.750033
0.042	1.94144	1.33113	0.991692	-0.767686
0.043	1.94066	1.3306	0.991295	-0.785292
0.044	1.93987	1.33005	0.990889	-0.802851
0.045	1.93906	1.3295	0.990475	-0.820362
0.046	1.93823	1.32893	0.990051	-0.837824
0.047	1.93738	1.32835	0.989619	-0.855236
0.048	1.93652	1.32776	0.989178	-0.872597
0.049	1.93564	1.32715	0.988727	-0.889906
0.05	1.93474	1.32653	0.988269	-0.907161
0.051	1.93382	1.32591	0.987801	-0.924362
0.052	1.93289	1.32527	0.987324	-0.941508
0.053	1.93194	1.32462	0.986839	-0.958598
0.054	1.93097	1.32395	0.986345	-0.97563
0.055	1.92999	1.32328	0.985842	-0.992604
0.056	1.92899	1.32259	0.985331	-1.00952
0.057	1.92797	1.32189	0.984811	-1.02637
0.058	1.92694	1.32118	0.984282	-1.04317
0.059	1.92588	1.32046	0.983745	-1.0599
0.06	1.92482	1.31973	0.983199	-1.07657
0.061	1.92373	1.31899	0.982645	-1.09317
0.062	1.92263	1.31823	0.982083	-1.10971
0.063	1.92151	1.31747	0.981512	-1.12618
0.064	1.92038	1.31669	0.980932	-1.14258
0.065	1.91923	1.3159	0.980344	-1.15892
0.066	1.91806	1.3151	0.979748	-1.17519
0.067	1.91688	1.31429	0.979144	-1.19139
0.068	1.91568	1.31346	0.978531	-1.20751
0.069	1.91446	1.31263	0.97791	-1.22357
0.07	1.91323	1.31179	0.977281	-1.23955
0.071	1.91198	1.31093	0.976644	-1.25546
0.072	1.91072	1.31007	0.975999	-1.2713
0.073	1.90944	1.30919	0.975345	-1.28705
0.074	1.90814	1.3083	0.974684	-1.30274
0.075	1.90683	1.3074	0.974014	-1.31834
0.076	1.90551	1.30649	0.973337	-1.33387
0.077	1.90417	1.30557	0.972652	-1.34932
0.078	1.90281	1.30464	0.971958	-1.36469
0.079	1.90144	1.3037	0.971257	-1.37997
0.08	1.90005	1.30275	0.970549	-1.39518
0.081	1.89865	1.30179	0.969832	-1.4103
0.082	1.89723	1.30082	0.969108	-1.42534
0.083	1.8958	1.29983	0.968376	-1.4403
0.084	1.89435	1.29884	0.967636	-1.45517
0.085	1.89289	1.29784	0.966889	-1.46995
0.086	1.89141	1.29683	0.966135	-1.48465
0.087	1.88992	1.2958	0.965373	-1.49926
0.088	1.88841	1.29477	0.964603	-1.51378
0.089	1.88689	1.29373	0.963826	-1.52822
0.09	1.88535	1.29267	0.963042	-1.54256
0.091	1.8838	1.29161	0.96225	-1.55681
0.092	1.88224	1.29054	0.961451	-1.57098
0.093	1.88066	1.28946	0.960645	-1.58505
0.094	1.87907	1.28837	0.959832	-1.59902
0.095	1.87746	1.28726	0.959012	-1.61291
0.096	1.87584	1.28615	0.958184	-1.62669
0.097	1.87421	1.28503	0.95735	-1.64039
0.098	1.87256	1.2839	0.956508	-1.65399
0.099	1.8709	1.28277	0.95566	-1.66749
0.1	1.86923	1.28162	0.954805	-1.68089
0.101	1.86754	1.28046	0.953943	-1.6942
0.102	1.86584	1.27929	0.953074	-1.70741
0.103	1.86413	1.27812	0.952199	-1.72051
0.104	1.8624	1.27693	0.951317	-1.73352
0.105	1.86066	1.27574	0.950428	-1.74643
0.106	1.85891	1.27454	0.949532	-1.75924
0.107	1.85714	1.27333	0.94863	-1.77194
0.108	1.85536	1.27211	0.947722	-1.78455
0.109	1.85357	1.27088	0.946807	-1.79705
0.11	1.85177	1.26965	0.945886	-1.80944
0.111	1.84995	1.2684	0.944959	-1.82173
0.112	1.84812	1.26715	0.944025	-1.83392
0.113	1.84628	1.26589	0.943085	-1.846
0.114	1.84443	1.26462	0.942139	-1.85798
0.115	1.84257	1.26334	0.941187	-1.86985
0.116	1.84069	1.26205	0.940229	-1.88161
0.117	1.83881	1.26076	0.939265	-1.89327
0.118	1.83691	1.25946	0.938295	-1.90481
0.119	1.835	1.25815	0.937319	-1.91625
0.12	1.83307	1.25683	0.936337	-1.92758
0.121	1.83114	1.2555	0.93535	-1.9388
0.122	1.8292	1.25417	0.934357	-1.94991
0.123	1.82724	1.25283	0.933358	-1.96091
0.124	1.82527	1.25148	0.932353	-1.9718
0.125	1.8233	1.25013	0.931343	-1.98258
0.126	1.82131	1.24876	0.930328	-1.99324
0.127	1.81931	1.24739	0.929307	-2.00379
0.128	1.8173	1.24601	0.928281	-2.01424
0.129	1.81528	1.24463	0.927249	-2.02456
0.13	1.81325	1.24324	0.926212	-2.03478
0.131	1.81121	1.24184	0.925171	-2.04488
0.132	1.80916	1.24043	0.924123	-2.05487
0.133	1.8071	1.23902	0.923071	-2.06474
0.134	1.80503	1.2376	0.922014	-2.0745
0.135	1.80295	1.23618	0.920952	-2.08414
0.136	1.80086	1.23474	0.919885	-2.09367
0.137	1.79877	1.23331	0.918813	-2.10308
0.138	1.79666	1.23186	0.917736	-2.11237
0.139	1.79454	1.23041	0.916655	-2.12155
0.14	1.79242	1.22895	0.915569	-2.13062
0.141	1.79028	1.22749	0.914478	-2.13956
0.142	1.78814	1.22602	0.913383	-2.14839
0.143	1.78598	1.22454	0.912284	-2.15711
0.144	1.78382	1.22306	0.91118	-2.1657
0.145	1.78165	1.22157	0.910071	-2.17418
0.146	1.77947	1.22008	0.908958	-2.18254
0.147	1.77729	1.21858	0.907841	-2.19078
0.148	1.77509	1.21707	0.90672	-2.19891
0.149	1.77289	1.21556	0.905595	-2.20691
0.15	1.77068	1.21405	0.904466	-2.2148
0.151	1.76846	1.21253	0.903332	-2.22257
0.152	1.76623	1.211	0.902195	-2.23022
0.153	1.764	1.20947	0.901054	-2.23775
0.154	1.76176	1.20793	0.899909	-2.24516
0.155	1.75951	1.20639	0.89876	-2.25246
0.156	1.75725	1.20484	0.897608	-2.25963
0.157	1.75499	1.20329	0.896452	-2.26669
0.158	1.75272	1.20173	0.895292	-2.27363
0.159	1.75044	1.20017	0.894129	-2.28045
0.16	1.74816	1.19861	0.892962	-2.28715
0.161	1.74587	1.19704	0.891793	-2.29373
0.162	1.74357	1.19546	0.890619	-2.30019
0.163	1.74127	1.19388	0.889443	-2.30653
0.164	1.73896	1.1923	0.888263	-2.31275
0.165	1.73664	1.19071	0.88708	-2.31886
0.166	1.73432	1.18912	0.885894	-2.32485
0.167	1.73199	1.18752	0.884705	-2.33071
0.168	1.72966	1.18592	0.883513	-2.33646
0.169	1.72732	1.18432	0.882318	-2.34209
0.17	1.72497	1.18271	0.88112	-2.3476
0.171	1.72262	1.1811	0.87992	-2.353
0.172	1.72027	1.17948	0.878716	-2.35827
0.173	1.71791	1.17787	0.87751	-2.36343
0.174	1.71554	1.17624	0.876302	-2.36847
0.175	1.71317	1.17462	0.875091	-2.37339
0.176	1.7108	1.17299	0.873877	-2.37819
0.177	1.70841	1.17136	0.872661	-2.38288
0.178	1.70603	1.16972	0.871443	-2.38745
0.179	1.70364	1.16808	0.870222	-2.3919
0.18	1.70125	1.16644	0.868999	-2.39624
0.181	1.69885	1.1648	0.867774	-2.40046
0.182	1.69644	1.16315	0.866547	-2.40456
0.183	1.69404	1.1615	0.865318	-2.40855
0.184	1.69163	1.15985	0.864086	-2.41242
0.185	1.68921	1.15819	0.862853	-2.41617
0.186	1.6868	1.15653	0.861618	-2.41982
0.187	1.68437	1.15487	0.860381	-2.42334
0.188	1.68195	1.15321	0.859142	-2.42675
0.189	1.67952	1.15155	0.857902	-2.43005
0.19	1.67709	1.14988	0.85666	-2.43324
0.191	1.67465	1.14821	0.855416	-2.43631
0.192	1.67222	1.14654	0.854171	-2.43926
0.193	1.66977	1.14486	0.852924	-2.44211
0.194	1.66733	1.14319	0.851676	-2.44484
0.195	1.66489	1.14151	0.850426	-2.44746
0.196	1.66244	1.13983	0.849176	-2.44997
0.197	1.65999	1.13815	0.847924	-2.45237
0.198	1.65753	1.13647	0.84667	-2.45466
0.199	1.65508	1.13479	0.845416	-2.45683
0.2	1.65262	1.1331	0.84416	-2.4589
0.201	1.65016	1.13141	0.842904	-2.46086
0.202	1.6477	1.12973	0.841646	-2.46271
0.203	1.64523	1.12804	0.840388	-2.46445
0.204	1.64277	1.12635	0.839129	-2.46608
0.205	1.6403	1.12466	0.837869	-2.46761
0.206	1.63783	1.12296	0.836608	-2.46902
0.207	1.63536	1.12127	0.835346	-2.47034
0.208	1.63289	1.11958	0.834084	-2.47154
0.209	1.63042	1.11788	0.832821	-2.47264
0.21	1.62795	1.11619	0.831558	-2.47364
0.211	1.62547	1.11449	0.830294	-2.47453
0.212	1.623	1.11279	0.82903	-2.47531
0.213	1.62052	1.11109	0.827765	-2.476
0.214	1.61805	1.1094	0.8265	-2.47658
0.215	1.61557	1.1077	0.825235	-2.47706
0.216	1.61309	1.106	0.82397	-2.47743
0.217	1.61061	1.1043	0.822704	-2.47771
0.218	1.60814	1.1026	0.821439	-2.47789
0.219	1.60566	1.1009	0.820173	-2.47796
0.22	1.60318	1.0992	0.818907	-2.47794
0.221	1.6007	1.09751	0.817641	-2.47782
0.222	1.59822	1.09581	0.816376	-2.4776
0.223	1.59575	1.09411	0.81511	-2.47728
0.224	1.59327	1.09241	0.813845	-2.47687
0.225	1.59079	1.09071	0.81258	-2.47636
0.226	1.58832	1.08901	0.811315	-2.47575
0.227	1.58584	1.08732	0.810051	-2.47505
0.228	1.58337	1.08562	0.808787	-2.47426
0.229	1.58089	1.08392	0.807523	-2.47337
0.23	1.57842	1.08223	0.80626	-2.47239
0.231	1.57595	1.08053	0.804997	-2.47132
0.232	1.57348	1.07884	0.803735	-2.47015
0.233	1.57101	1.07715	0.802474	-2.4689
0.234	1.56854	1.07545	0.801213	-2.46755
0.235	1.56607	1.07376	0.799953	-2.46612
0.236	1.56361	1.07207	0.798693	-2.4646
0.237	1.56114	1.07038	0.797435	-2.46299
0.238	1.55868	1.06869	0.796177	-2.46129
0.239	1.55622	1.06701	0.79492	-2.45951
0.24	1.55376	1.06532	0.793665	-2.45764
0.241	1.55131	1.06364	0.79241	-2.45568
0.242	1.54885	1.06195	0.791156	-2.45364
0.243	1.5464	1.06027	0.789903	-2.45152
0.244	1.54395	1.05859	0.788651	-2.44931
0.245	1.5415	1.05691	0.787401	-2.44702
0.246	1.53905	1.05524	0.786152	-2.44466
0.247	1.53661	1.05356	0.784903	-2.44221
0.248	1.53417	1.05189	0.783657	-2.43968
0.249	1.53173	1.05022	0.782411	-2.43707
0.25	1.5293	1.04855	0.781167	-2.43438
0.251	1.52686	1.04688	0.779924	-2.43161
0.252	1.52443	1.04521	0.778683	-2.42877
0.253	1.522	1.04355	0.777443	-2.42585
0.254	1.51958	1.04189	0.776204	-2.42286
0.255	1.51716	1.04023	0.774968	-2.41979
0.256	1.51474	1.03857	0.773732	-2.41665
0.257	1.51233	1.03691	0.772499	-2.41343
0.258	1.50991	1.03526	0.771267	-2.41015
0.259	1.50751	1.03361	0.770037	-2.40679
0.26	1.5051	1.03196	0.768808	-2.40336
0.261	1.5027	1.03031	0.767581	-2.39986
0.262	1.5003	1.02867	0.766356	-2.39629
0.263	1.49791	1.02702	0.765133	-2.39265
0.264	1.49552	1.02539	0.763912	-2.38895
0.265	1.49313	1.02375	0.762693	-2.38518
0.266	1.49075	1.02211	0.761475	-2.38134
0.267	1.48837	1.02048	0.76026	-2.37743
0.268	1.48599	1.01885	0.759046	-2.37347
0.269	1.48362	1.01723	0.757835	-2.36944
0.27	1.48125	1.01561	0.756626	-2.36534
0.271	1.47889	1.01398	0.755419	-2.36118
0.272	1.47653	1.01237	0.754214	-2.35697
0.273	1.47417	1.01075	0.753011	-2.35269
0.274	1.47182	1.00914	0.75181	-2.34835
0.275	1.46948	1.00753	0.750612	-2.34395
0.276	1.46714	1.00593	0.749416	-2.33949
0.277	1.4648	1.00432	0.748222	-2.33498
0.278	1.46247	1.00273	0.74703	-2.33041
0.279	1.46014	1.00113	0.745841	-2.32578
0.28	1.45781	0.999536	0.744654	-2.3211
0.281	1.4555	0.997946	0.74347	-2.31637
0.282	1.45318	0.996359	0.742288	-2.31158
0.283	1.45087	0.994776	0.741108	-2.30674
0.284	1.44857	0.993196	0.739931	-2.30184
0.285	1.44627	0.99162	0.738757	-2.29689
0.286	1.44397	0.990046	0.737585	-2.2919
0.287	1.44168	0.988477	0.736415	-2.28685
0.288	1.4394	0.986911	0.735248	-2.28176
0.289	1.43712	0.985348	0.734084	-2.27661
0.29	1.43485	0.983789	0.732923	-2.27142
0.291	1.43258	0.982233	0.731764	-2.26618
0.292	1.43031	0.980681	0.730607	-2.2609
0.293	1.42806	0.979133	0.729454	-2.25557
0.294	1.4258	0.977588	0.728303	-2.2502
0.295	1.42356	0.976047	0.727155	-2.24478
0.296	1.42131	0.97451	0.72601	-2.23932
0.297	1.41908	0.972976	0.724867	-2.23381
0.298	1.41685	0.971447	0.723728	-2.22827
0.299	1.41462	0.969921	0.722591	-2.22268
0.3	1.4124	0.968399	0.721457	-2.21706
0.301	1.41019	0.966881	0.720326	-2.21139
0.302	1.40798	0.965366	0.719198	-2.20569
0.303	1.40578	0.963856	0.718073	-2.19995
0.304	1.40358	0.96235	0.71695	-2.19417
0.305	1.40139	0.960847	0.715831	-2.18835
0.306	1.3992	0.959349	0.714715	-2.1825
0.307	1.39702	0.957854	0.713601	-2.17662
0.308	1.39485	0.956364	0.712491	-2.17069
0.309	1.39268	0.954878	0.711384	-2.16474
0.31	1.39052	0.953396	0.71028	-2.15875
0.311	1.38836	0.951917	0.709179	-2.15273
0.312	1.38621	0.950444	0.70808	-2.14668
0.313	1.38407	0.948974	0.706985	-2.1406
0.314	1.38193	0.947508	0.705894	-2.13449
0.315	1.3798	0.946047	0.704805	-2.12834
0.316	1.37768	0.94459	0.703719	-2.12217
0.317	1.37556	0.943137	0.702637	-2.11597
0.318	1.37344	0.941688	0.701558	-2.10975
0.319	1.37134	0.940244	0.700481	-2.10349
0.32	1.36924	0.938804	0.699409	-2.09721
0.321	1.36714	0.937368	0.698339	-2.09091
0.322	1.36505	0.935936	0.697273	-2.08458
0.323	1.36297	0.934509	0.696209	-2.07822
0.324	1.3609	0.933086	0.695149	-2.07185
0.325	1.35883	0.931668	0.694093	-2.06544
0.326	1.35677	0.930254	0.693039	-2.05902
0.327	1.35471	0.928845	0.691989	-2.05258
0.328	1.35266	0.92744	0.690942	-2.04611
0.329	1.35062	0.926039	0.689899	-2.03962
0.33	1.34858	0.924643	0.688859	-2.03311
0.331	1.34655	0.923251	0.687822	-2.02659
0.332	1.34453	0.921864	0.686788	-2.02004
0.333	1.34251	0.920481	0.685758	-2.01348
0.334	1.3405	0.919103	0.684731	-2.0069
0.335	1.3385	0.917729	0.683708	-2.0003
0.336	1.3365	0.91636	0.682688	-1.99369
0.337	1.33451	0.914995	0.681671	-1.98706
0.338	1.33253	0.913635	0.680658	-1.98041
0.339	1.33055	0.912279	0.679648	-1.97375
0.34	1.32858	0.910928	0.678642	-1.96708
0.341	1.32662	0.909582	0.677638	-1.96039
0.342	1.32466	0.90824	0.676639	-1.95369
0.343	1.32271	0.906903	0.675643	-1.94698
0.344	1.32077	0.90557	0.67465	-1.94025
0.345	1.31883	0.904242	0.67366	-1.93352
0.346	1.3169	0.902919	0.672674	-1.92677
0.347	1.31498	0.9016	0.671692	-1.92002
0.348	1.31306	0.900286	0.670713	-1.91325
0.349	1.31115	0.898976	0.669737	-1.90647
0.35	1.30925	0.897672	0.668765	-1.89969
0.351	1.30735	0.896371	0.667797	-1.8929
0.352	1.30546	0.895076	0.666832	-1.8861
0.353	1.30358	0.893785	0.66587	-1.87929
0.354	1.3017	0.892499	0.664912	-1.87247
0.355	1.29983	0.891217	0.663957	-1.86565
0.356	1.29797	0.88994	0.663006	-1.85883
0.357	1.29612	0.888668	0.662058	-1.852
0.358	1.29427	0.887401	0.661114	-1.84516
0.359	1.29242	0.886138	0.660173	-1.83832
0.36	1.29059	0.88488	0.659236	-1.83147
0.361	1.28876	0.883627	0.658302	-1.82463
0.362	1.28694	0.882378	0.657372	-1.81777
0.363	1.28513	0.881134	0.656445	-1.81092
0.364	1.28332	0.879895	0.655522	-1.80407
0.365	1.28152	0.87866	0.654602	-1.79721
0.366	1.27972	0.87743	0.653685	-1.79035
0.367	1.27794	0.876205	0.652773	-1.78349
0.368	1.27616	0.874985	0.651863	-1.77663
0.369	1.27438	0.873769	0.650958	-1.76977
0.37	1.27262	0.872558	0.650055	-1.76291
0.371	1.27086	0.871351	0.649157	-1.75606
0.372	1.26911	0.87015	0.648261	-1.7492
0.373	1.26736	0.868953	0.64737	-1.74234
0.374	1.26562	0.86776	0.646481	-1.73549
0.375	1.26389	0.866573	0.645597	-1.72864
0.376	1.26216	0.86539	0.644716	-1.72179
0.377	1.26045	0.864212	0.643838	-1.71495
0.378	1.25873	0.863038	0.642964	-1.70811
0.379	1.25703	0.861869	0.642093	-1.70127
0.38	1.25533	0.860705	0.641225	-1.69444
0.381	1.25364	0.859546	0.640362	-1.68761
0.382	1.25196	0.858391	0.639501	-1.68079
0.383	1.25028	0.857241	0.638645	-1.67397
0.384	1.24861	0.856096	0.637791	-1.66716
0.385	1.24694	0.854955	0.636941	-1.66035
0.386	1.24529	0.853819	0.636095	-1.65355
0.387	1.24364	0.852687	0.635252	-1.64676
0.388	1.24199	0.851561	0.634413	-1.63997
0.389	1.24036	0.850439	0.633577	-1.63319
0.39	1.23873	0.849321	0.632744	-1.62642
0.391	1.2371	0.848208	0.631915	-1.61966
0.392	1.23549	0.8471	0.63109	-1.61291
0.393	1.23388	0.845997	0.630267	-1.60616
0.394	1.23228	0.844898	0.629449	-1.59942
0.395	1.23068	0.843803	0.628633	-1.59269
0.396	1.22909	0.842714	0.627822	-1.58598
0.397	1.22751	0.841629	0.627013	-1.57927
0.398	1.22593	0.840548	0.626208	-1.57257
0.399	1.22436	0.839472	0.625407	-1.56588
0.4	1.2228	0.838401	0.624609	-1.5592
0.401	1.22124	0.837334	0.623814	-1.55254
0.402	1.2197	0.836272	0.623022	-1.54588
0.403	1.21815	0.835214	0.622235	-1.53924
0.404	1.21662	0.834161	0.62145	-1.5326
0.405	1.21509	0.833113	0.620669	-1.52598
0.406	1.21356	0.832069	0.619891	-1.51937
0.407	1.21205	0.831029	0.619117	-1.51277
0.408	1.21054	0.829994	0.618346	-1.50619
0.409	1.20904	0.828964	0.617578	-1.49962
0.41	1.20754	0.827938	0.616814	-1.49306
0.411	1.20605	0.826916	0.616053	-1.48652
0.412	1.20457	0.825899	0.615295	-1.47998
0.413	1.20309	0.824887	0.614541	-1.47347
0.414	1.20162	0.823879	0.61379	-1.46696
0.415	1.20016	0.822875	0.613042	-1.46047
0.416	1.1987	0.821876	0.612298	-1.454
0.417	1.19725	0.820881	0.611557	-1.44753
0.418	1.1958	0.819891	0.610819	-1.44109
0.419	1.19437	0.818905	0.610084	-1.43465
0.42	1.19293	0.817924	0.609353	-1.42824
0.421	1.19151	0.816947	0.608625	-1.42184
0.422	1.19009	0.815974	0.607901	-1.41545
0.423	1.18868	0.815006	0.607179	-1.40908
0.424	1.18727	0.814042	0.606461	-1.40273
0.425	1.18587	0.813082	0.605746	-1.39639
0.426	1.18448	0.812127	0.605035	-1.39006
0.427	1.18309	0.811176	0.604326	-1.38376
0.428	1.18171	0.810229	0.603621	-1.37747
0.429	1.18034	0.809287	0.602919	-1.37119
0.43	1.17897	0.808349	0.60222	-1.36494
0.431	1.17761	0.807415	0.601524	-1.3587
0.432	1.17625	0.806486	0.600832	-1.35247
0.433	1.1749	0.805561	0.600143	-1.34627
0.434	1.17356	0.80464	0.599457	-1.34008
0.435	1.17222	0.803723	0.598774	-1.33391
0.436	1.17089	0.802811	0.598094	-1.32776
0.437	1.16957	0.801902	0.597417	-1.32162
0.438	1.16825	0.800998	0.596744	-1.3155
0.439	1.16694	0.800098	0.596073	-1.3094
0.44	1.16563	0.799203	0.595406	-1.30332
0.441	1.16433	0.798311	0.594742	-1.29726
0.442	1.16304	0.797424	0.594081	-1.29121
0.443	1.16175	0.796541	0.593423	-1.28518
0.444	1.16047	0.795662	0.592768	-1.27918
0.445	1.15919	0.794787	0.592116	-1.27319
0.446	1.15792	0.793916	0.591467	-1.26721
0.447	1.15665	0.793049	0.590821	-1.26126
0.448	1.1554	0.792186	0.590179	-1.25533
0.449	1.15414	0.791327	0.589539	-1.24941
0.45	1.1529	0.790473	0.588902	-1.24352
0.451	1.15166	0.789622	0.588269	-1.23764
0.452	1.15042	0.788776	0.587638	-1.23179
0.453	1.14919	0.787933	0.58701	-1.22595
0.454	1.14797	0.787095	0.586385	-1.22013
0.455	1.14675	0.78626	0.585764	-1.21433
0.456	1.14554	0.785429	0.585145	-1.20855
0.457	1.14434	0.784603	0.584529	-1.20279
0.458	1.14314	0.78378	0.583916	-1.19705
0.459	1.14194	0.782961	0.583306	-1.19133
0.46	1.14075	0.782146	0.582699	-1.18563
0.461	1.13957	0.781335	0.582095	-1.17995
0.462	1.13839	0.780528	0.581494	-1.17429
0.463	1.13722	0.779725	0.580895	-1.16865
0.464	1.13606	0.778926	0.5803	-1.16303
0.465	1.1349	0.77813	0.579707	-1.15743
0.466	1.13374	0.777339	0.579117	-1.15185
0.467	1.13259	0.776551	0.57853	-1.14629
0.468	1.13145	0.775767	0.577946	-1.14076
0.469	1.13031	0.774986	0.577365	-1.13524
0.47	1.12918	0.77421	0.576786	-1.12974
0.471	1.12805	0.773437	0.576211	-1.12426
0.472	1.12693	0.772668	0.575638	-1.1188
0.473	1.12581	0.771903	0.575068	-1.11336
0.474	1.1247	0.771142	0.5745	-1.10795
0.475	1.1236	0.770384	0.573936	-1.10255
0.476	1.1225	0.76963	0.573374	-1.09718
0.477	1.1214	0.768879	0.572815	-1.09182
0.478	1.12031	0.768132	0.572259	-1.08649
0.479	1.11923	0.767389	0.571705	-1.08117
0.48	1.11815	0.76665	0.571154	-1.07588
0.481	1.11708	0.765914	0.570606	-1.07061
0.482	1.11601	0.765182	0.57006	-1.06535
0.483	1.11495	0.764453	0.569518	-1.06012
0.484	1.11389	0.763728	0.568977	-1.05491
0.485	1.11284	0.763007	0.56844	-1.04972
0.486	1.11179	0.762289	0.567905	-1.04455
0.487	1.11075	0.761574	0.567373	-1.0394
0.488	1.10971	0.760863	0.566843	-1.03428
0.489	1.10868	0.760156	0.566316	-1.02917
0.49	1.10765	0.759452	0.565792	-1.02408
0.491	1.10663	0.758752	0.56527	-1.01902
0.492	1.10562	0.758055	0.564751	-1.01397
0.493	1.1046	0.757361	0.564234	-1.00895
0.494	1.1036	0.756671	0.56372	-1.00395
0.495	1.1026	0.755984	0.563208	-0.998965
0.496	1.1016	0.755301	0.562699	-0.994004
0.497	1.10061	0.754621	0.562193	-0.989063
0.498	1.09962	0.753945	0.561689	-0.984143
0.499	1.09864	0.753272	0.561188	-0.979243
0.5	1.09766	0.752602	0.560689	-0.974365
0.501	1.09669	0.751936	0.560192	-0.969507
0.502	1.09572	0.751273	0.559698	-0.96467
0.503	1.09476	0.750613	0.559207	-0.959853
0.504	1.0938	0.749956	0.558718	-0.955057
0.505	1.09285	0.749303	0.558231	-0.950282
0.506	1.0919	0.748653	0.557747	-0.945527
0.507	1.09096	0.748007	0.557265	-0.940793
0.508	1.09002	0.747363	0.556786	-0.936079
0.509	1.08909	0.746723	0.556309	-0.931386
0.51	1.08816	0.746086	0.555834	-0.926713
0.511	1.08724	0.745452	0.555362	-0.922061
0.512	1.08632	0.744822	0.554892	-0.91743
0.513	1.0854	0.744194	0.554425	-0.912819
0.514	1.08449	0.74357	0.55396	-0.908228
0.515	1.08358	0.742949	0.553497	-0.903658
0.516	1.08268	0.742331	0.553036	-0.899108
0.517	1.08179	0.741716	0.552578	-0.894578
0.518	1.08089	0.741104	0.552122	-0.890069
0.519	1.08001	0.740495	0.551669	-0.88558
0.52	1.07912	0.73989	0.551218	-0.881111
0.521	1.07824	0.739287	0.550769	-0.876662
0.522	1.07737	0.738687	0.550322	-0.872233
0.523	1.0765	0.738091	0.549878	-0.867825
0.524	1.07563	0.737497	0.549436	-0.863437
0.525	1.07477	0.736907	0.548996	-0.859068
0.526	1.07392	0.736319	0.548558	-0.85472
0.527	1.07306	0.735735	0.548122	-0.850392
0.528	1.07221	0.735153	0.547689	-0.846083
0.529	1.07137	0.734575	0.547258	-0.841795
0.53	1.07053	0.733999	0.546829	-0.837526
0.531	1.0697	0.733426	0.546402	-0.833277
0.532	1.06886	0.732856	0.545978	-0.829048
0.533	1.06804	0.732289	0.545556	-0.824838
0.534	1.06721	0.731725	0.545135	-0.820648
0.535	1.0664	0.731164	0.544717	-0.816478
0.536	1.06558	0.730606	0.544301	-0.812327
0.537	1.06477	0.73005	0.543887	-0.808196
0.538	1.06397	0.729497	0.543476	-0.804084
0.539	1.06316	0.728947	0.543066	-0.799992
0.54	1.06237	0.7284	0.542658	-0.795919
0.541	1.06157	0.727856	0.542253	-0.791865
0.542	1.06078	0.727314	0.541849	-0.787831
0.543	1.06	0.726776	0.541448	-0.783816
0.544	1.05921	0.72624	0.541049	-0.77982
0.545	1.05844	0.725706	0.540651	-0.775843
0.546	1.05766	0.725176	0.540256	-0.771885
0.547	1.05689	0.724648	0.539863	-0.767946
0.548	1.05613	0.724123	0.539471	-0.764026
0.549	1.05536	0.7236	0.539082	-0.760125
0.55	1.05461	0.72308	0.538695	-0.756243
0.551	1.05385	0.722563	0.53831	-0.752379
0.552	1.0531	0.722049	0.537926	-0.748535
0.553	1.05235	0.721537	0.537545	-0.744708
0.554	1.05161	0.721027	0.537165	-0.740901
0.555	1.05087	0.720521	0.536788	-0.737112
0.556	1.05014	0.720017	0.536412	-0.733342
0.557	1.04941	0.719515	0.536039	-0.72959
0.558	1.04868	0.719016	0.535667	-0.725856
0.559	1.04795	0.71852	0.535297	-0.722141
0.56	1.04723	0.718026	0.534929	-0.718443
0.561	1.04652	0.717535	0.534563	-0.714765
0.562	1.0458	0.717046	0.534199	-0.711104
0.563	1.0451	0.716559	0.533837	-0.707461
0.564	1.04439	0.716076	0.533476	-0.703836
0.565	1.04369	0.715594	0.533118	-0.70023
0.566	1.04299	0.715115	0.532761	-0.696641
0.567	1.04229	0.714639	0.532406	-0.69307
0.568	1.0416	0.714165	0.532053	-0.689517
0.569	1.04092	0.713693	0.531702	-0.685981
0.57	1.04023	0.713224	0.531352	-0.682463
0.571	1.03955	0.712758	0.531004	-0.678963
0.572	1.03887	0.712293	0.530658	-0.67548
0.573	1.0382	0.711831	0.530314	-0.672015
0.574	1.03753	0.711372	0.529972	-0.668567
0.575	1.03686	0.710915	0.529631	-0.665136
0.576	1.0362	0.71046	0.529292	-0.661723
0.577	1.03554	0.710007	0.528955	-0.658327
0.578	1.03488	0.709557	0.52862	-0.654947
0.579	1.03423	0.709109	0.528286	-0.651586
0.58	1.03358	0.708663	0.527954	-0.648241
0.581	1.03293	0.70822	0.527624	-0.644912
0.582	1.03229	0.707779	0.527295	-0.641601
0.583	1.03165	0.70734	0.526968	-0.638307
0.584	1.03101	0.706904	0.526643	-0.635029
0.585	1.03038	0.706469	0.52632	-0.631768
0.586	1.02975	0.706037	0.525998	-0.628524
0.587	1.02912	0.705608	0.525678	-0.625296
0.588	1.0285	0.70518	0.525359	-0.622085
0.589	1.02788	0.704755	0.525042	-0.61889
0.59	1.02726	0.704331	0.524727	-0.615712
0.591	1.02665	0.70391	0.524413	-0.612549
0.592	1.02604	0.703491	0.524101	-0.609403
0.593	1.02543	0.703075	0.523791	-0.606274
0.594	1.02482	0.70266	0.523482	-0.60316
0.595	1.02422	0.702247	0.523174	-0.600062
0.596	1.02362	0.701837	0.522869	-0.59698
0.597	1.02303	0.701429	0.522564	-0.593914
0.598	1.02244	0.701023	0.522262	-0.590864
0.599	1.02185	0.700619	0.521961	-0.58783
0.6	1.02126	0.700217	0.521661	-0.584811
0.601	1.02068	0.699817	0.521363	-0.581808
0.602	1.0201	0.699419	0.521067	-0.578821
0.603	1.01952	0.699023	0.520772	-0.575849
0.604	1.01894	0.698629	0.520479	-0.572892
0.605	1.01837	0.698237	0.520187	-0.569951
0.606	1.0178	0.697848	0.519896	-0.567025
0.607	1.01724	0.69746	0.519608	-0.564115
0.608	1.01668	0.697074	0.51932	-0.561219
0.609	1.01612	0.69669	0.519034	-0.558339
0.61	1.01556	0.696308	0.51875	-0.555473
0.611	1.01501	0.695928	0.518467	-0.552623
0.612	1.01445	0.695551	0.518185	-0.549787
0.613	1.01391	0.695175	0.517905	-0.546967
0.614	1.01336	0.694801	0.517626	-0.544161
0.615	1.01282	0.694428	0.517349	-0.541369
0.616	1.01228	0.694058	0.517073	-0.538593
0.617	1.01174	0.69369	0.516799	-0.535831
0.618	1.01121	0.693323	0.516526	-0.533083
0.619	1.01067	0.692959	0.516254	-0.53035
0.62	1.01015	0.692596	0.515984	-0.527631
0.621	1.00962	0.692235	0.515715	-0.524927
0.622	1.0091	0.691876	0.515448	-0.522237
0.623	1.00857	0.691519	0.515182	-0.519561
0.624	1.00806	0.691164	0.514917	-0.516899
0.625	1.00754	0.69081	0.514654	-0.514251
0.626	1.00703	0.690459	0.514392	-0.511617
0.627	1.00652	0.690109	0.514131	-0.508997
0.628	1.00601	0.689761	0.513872	-0.506391
0.629	1.0055	0.689414	0.513614	-0.503799
0.63	1.005	0.68907	0.513357	-0.50122
0.631	1.0045	0.688727	0.513102	-0.498655
0.632	1.00401	0.688386	0.512848	-0.496104
0.633	1.00351	0.688047	0.512595	-0.493566
0.634	1.00302	0.687709	0.512343	-0.491042
0.635	1.00253	0.687373	0.512093	-0.488531
0.636	1.00204	0.687039	0.511844	-0.486033
0.637	1.00156	0.686707	0.511597	-0.483548
0.638	1.00107	0.686376	0.51135	-0.481077
0.639	1.00059	0.686047	0.511105	-0.478619
0.64	1.00012	0.68572	0.510861	-0.476174
0.641	0.999642	0.685394	0.510619	-0.473742
0.642	0.999169	0.68507	0.510377	-0.471323
0.643	0.998699	0.684748	0.510137	-0.468917
0.644	0.998231	0.684427	0.509898	-0.466524
0.645	0.997766	0.684108	0.509661	-0.464143
0.646	0.997303	0.683791	0.509424	-0.461776
0.647	0.996842	0.683475	0.509189	-0.459421
0.648	0.996384	0.683161	0.508955	-0.457078
0.649	0.995928	0.682848	0.508722	-0.454748
0.65	0.995475	0.682537	0.50849	-0.45243
0.651	0.995023	0.682228	0.50826	-0.450125
0.652	0.994574	0.68192	0.50803	-0.447832
0.653	0.994128	0.681614	0.507802	-0.445552
0.654	0.993683	0.681309	0.507575	-0.443283
0.655	0.993241	0.681006	0.507349	-0.441027
0.656	0.992801	0.680704	0.507125	-0.438783
0.657	0.992363	0.680404	0.506901	-0.436551
0.658	0.991928	0.680106	0.506679	-0.43433
0.659	0.991495	0.679809	0.506457	-0.432122
0.66	0.991064	0.679513	0.506237	-0.429926
0.661	0.990635	0.679219	0.506018	-0.427741
0.662	0.990208	0.678926	0.5058	-0.425568
0.663	0.989784	0.678635	0.505583	-0.423407
0.664	0.989362	0.678346	0.505368	-0.421258
0.665	0.988941	0.678058	0.505153	-0.419119
0.666	0.988523	0.677771	0.504939	-0.416993
0.667	0.988107	0.677486	0.504727	-0.414878
0.668	0.987694	0.677202	0.504516	-0.412774
0.669	0.987282	0.67692	0.504305	-0.410682
0.67	0.986872	0.676639	0.504096	-0.4086
0.671	0.986465	0.67636	0.503888	-0.40653
0.672	0.986059	0.676082	0.503681	-0.404472
0.673	0.985656	0.675805	0.503475	-0.402424
0.674	0.985254	0.67553	0.50327	-0.400387
0.675	0.984855	0.675256	0.503066	-0.398362
0.676	0.984458	0.674983	0.502863	-0.396347
0.677	0.984062	0.674712	0.502661	-0.394343
0.678	0.983669	0.674443	0.50246	-0.39235
0.679	0.983277	0.674174	0.50226	-0.390367
0.68	0.982888	0.673907	0.502061	-0.388396
0.681	0.982501	0.673642	0.501863	-0.386434
0.682	0.982115	0.673377	0.501666	-0.384484
0.683	0.981732	0.673115	0.50147	-0.382544
0.684	0.98135	0.672853	0.501275	-0.380615
0.685	0.98097	0.672593	0.501081	-0.378695
0.686	0.980593	0.672334	0.500889	-0.376787
0.687	0.980217	0.672076	0.500697	-0.374888
0.688	0.979843	0.67182	0.500506	-0.373
0.689	0.979471	0.671564	0.500316	-0.371122
0.69	0.979101	0.671311	0.500126	-0.369254
0.691	0.978732	0.671058	0.499938	-0.367397
0.692	0.978366	0.670807	0.499751	-0.365549
0.693	0.978001	0.670557	0.499565	-0.363711
0.694	0.977639	0.670308	0.49938	-0.361884
0.695	0.977278	0.670061	0.499195	-0.360066
0.696	0.976918	0.669814	0.499012	-0.358258
0.697	0.976561	0.669569	0.498829	-0.356459
0.698	0.976205	0.669326	0.498648	-0.354671
0.699	0.975852	0.669083	0.498467	-0.352892
0.7	0.9755	0.668842	0.498287	-0.351123
0.701	0.975149	0.668601	0.498108	-0.349363
0.702	0.974801	0.668363	0.49793	-0.347613
0.703	0.974454	0.668125	0.497753	-0.345872
0.704	0.974109	0.667888	0.497577	-0.344141
0.705	0.973766	0.667653	0.497401	-0.342419
0.706	0.973424	0.667419	0.497227	-0.340706
0.707	0.973085	0.667186	0.497053	-0.339003
0.708	0.972746	0.666954	0.496881	-0.337309
0.709	0.97241	0.666723	0.496709	-0.335624
0.71	0.972075	0.666494	0.496538	-0.333948
0.711	0.971742	0.666265	0.496368	-0.332281
0.712	0.971411	0.666038	0.496198	-0.330624
0.713	0.971081	0.665812	0.49603	-0.328975
0.714	0.970753	0.665587	0.495862	-0.327335
0.715	0.970426	0.665363	0.495695	-0.325704
0.716	0.970101	0.66514	0.495529	-0.324082
0.717	0.969778	0.664919	0.495364	-0.322468
0.718	0.969456	0.664698	0.4952	-0.320864
0.719	0.969136	0.664479	0.495037	-0.319268
0.72	0.968818	0.66426	0.494874	-0.31768
0.721	0.968501	0.664043	0.494712	-0.316102
0.722	0.968186	0.663827	0.494551	-0.314531
0.723	0.967872	0.663612	0.494391	-0.31297
0.724	0.96756	0.663398	0.494231	-0.311416
0.725	0.967249	0.663185	0.494073	-0.309871
0.726	0.96694	0.662973	0.493915	-0.308335
0.727	0.966632	0.662762	0.493758	-0.306807
0.728	0.966326	0.662552	0.493601	-0.305287
0.729	0.966022	0.662343	0.493446	-0.303775
0.73	0.965719	0.662135	0.493291	-0.302271
0.731	0.965417	0.661929	0.493137	-0.300776
0.732	0.965117	0.661723	0.492984	-0.299289
0.733	0.964819	0.661518	0.492831	-0.297809
0.734	0.964522	0.661315	0.492679	-0.296338
0.735	0.964226	0.661112	0.492528	-0.294875
0.736	0.963932	0.66091	0.492378	-0.293419
0.737	0.963639	0.660709	0.492229	-0.291972
0.738	0.963348	0.66051	0.49208	-0.290532
0.739	0.963058	0.660311	0.491932	-0.2891
0.74	0.96277	0.660113	0.491784	-0.287676
0.741	0.962483	0.659917	0.491638	-0.286259
0.742	0.962197	0.659721	0.491492	-0.28485
0.743	0.961913	0.659526	0.491347	-0.283449
0.744	0.96163	0.659332	0.491202	-0.282055
0.745	0.961349	0.659139	0.491059	-0.280669
0.746	0.961069	0.658947	0.490916	-0.27929
0.747	0.96079	0.658756	0.490773	-0.277919
0.748	0.960513	0.658566	0.490632	-0.276555
0.749	0.960237	0.658377	0.490491	-0.275199
0.75	0.959963	0.658189	0.490351	-0.27385
0.751	0.959689	0.658001	0.490211	-0.272508
0.752	0.959418	0.657815	0.490072	-0.271173
0.753	0.959147	0.65763	0.489934	-0.269845
0.754	0.958878	0.657445	0.489797	-0.268525
0.755	0.95861	0.657261	0.48966	-0.267212
0.756	0.958343	0.657079	0.489524	-0.265906
0.757	0.958078	0.656897	0.489388	-0.264607
0.758	0.957814	0.656716	0.489253	-0.263315
0.759	0.957552	0.656536	0.489119	-0.262029
0.76	0.95729	0.656356	0.488986	-0.260751
0.761	0.95703	0.656178	0.488853	-0.25948
0.762	0.956771	0.656001	0.48872	-0.258215
0.763	0.956514	0.655824	0.488589	-0.256958
0.764	0.956257	0.655648	0.488458	-0.255707
0.765	0.956002	0.655473	0.488328	-0.254463
0.766	0.955748	0.655299	0.488198	-0.253225
0.767	0.955496	0.655126	0.488069	-0.251994
0.768	0.955244	0.654954	0.487941	-0.25077
0.769	0.954994	0.654782	0.487813	-0.249553
0.77	0.954745	0.654612	0.487686	-0.248341
0.771	0.954498	0.654442	0.487559	-0.247137
0.772	0.954251	0.654273	0.487433	-0.245939
0.773	0.954006	0.654104	0.487308	-0.244747
0.774	0.953762	0.653937	0.487183	-0.243562
0.775	0.953519	0.65377	0.487059	-0.242383
0.776	0.953277	0.653605	0.486936	-0.24121
0.777	0.953036	0.65344	0.486813	-0.240044
0.778	0.952797	0.653276	0.48669	-0.238884
0.779	0.952558	0.653112	0.486569	-0.23773
0.78	0.952321	0.65295	0.486447	-0.236583
0.781	0.952085	0.652788	0.486327	-0.235441
0.782	0.95185	0.652627	0.486207	-0.234306
0.783	0.951617	0.652466	0.486087	-0.233176
0.784	0.951384	0.652307	0.485969	-0.232053
0.785	0.951153	0.652148	0.48585	-0.230936
0.786	0.950922	0.65199	0.485733	-0.229825
0.787	0.950693	0.651833	0.485616	-0.22872
0.788	0.950465	0.651677	0.485499	-0.22762
0.789	0.950238	0.651521	0.485383	-0.226527
0.79	0.950012	0.651366	0.485268	-0.225439
0.791	0.949787	0.651212	0.485153	-0.224357
0.792	0.949563	0.651058	0.485038	-0.223281
0.793	0.94934	0.650906	0.484925	-0.222211
0.794	0.949119	0.650754	0.484811	-0.221146
0.795	0.948898	0.650602	0.484699	-0.220088
0.796	0.948678	0.650452	0.484587	-0.219034
0.797	0.94846	0.650302	0.484475	-0.217987
0.798	0.948242	0.650153	0.484364	-0.216945
0.799	0.948026	0.650005	0.484253	-0.215908
0.8	0.947811	0.649857	0.484143	-0.214877
0.801	0.947596	0.64971	0.484034	-0.213852
0.802	0.947383	0.649564	0.483925	-0.212832
0.803	0.947171	0.649418	0.483816	-0.211817
0.804	0.946959	0.649273	0.483708	-0.210808
0.805	0.946749	0.649129	0.483601	-0.209805
0.806	0.94654	0.648985	0.483494	-0.208806
0.807	0.946331	0.648843	0.483388	-0.207813
0.808	0.946124	0.6487	0.483282	-0.206825
0.809	0.945918	0.648559	0.483176	-0.205843
0.81	0.945712	0.648418	0.483072	-0.204865
0.811	0.945508	0.648278	0.482967	-0.203893
0.812	0.945304	0.648139	0.482863	-0.202926
0.813	0.945102	0.648	0.48276	-0.201964
0.814	0.944901	0.647862	0.482657	-0.201008
0.815	0.9447	0.647724	0.482554	-0.200056
0.816	0.9445	0.647587	0.482453	-0.199109
0.817	0.944302	0.647451	0.482351	-0.198168
0.818	0.944104	0.647316	0.48225	-0.197231
0.819	0.943907	0.647181	0.48215	-0.1963
0.82	0.943712	0.647046	0.48205	-0.195373
0.821	0.943517	0.646913	0.48195	-0.194451
0.822	0.943323	0.64678	0.481851	-0.193534
0.823	0.94313	0.646647	0.481752	-0.192622
0.824	0.942937	0.646516	0.481654	-0.191715
0.825	0.942746	0.646384	0.481556	-0.190813
0.826	0.942556	0.646254	0.481459	-0.189915
0.827	0.942366	0.646124	0.481362	-0.189022
0.828	0.942178	0.645995	0.481266	-0.188134
0.829	0.94199	0.645866	0.48117	-0.18725
0.83	0.941803	0.645738	0.481075	-0.186372
0.831	0.941617	0.64561	0.48098	-0.185497
0.832	0.941432	0.645484	0.480885	-0.184628
0.833	0.941248	0.645357	0.480791	-0.183763
0.834	0.941065	0.645232	0.480698	-0.182902
0.835	0.940882	0.645106	0.480604	-0.182046
0.836	0.940701	0.644982	0.480512	-0.181195
0.837	0.94052	0.644858	0.480419	-0.180348
0.838	0.94034	0.644735	0.480327	-0.179506
0.839	0.940161	0.644612	0.480236	-0.178668
0.84	0.939983	0.64449	0.480145	-0.177834
0.841	0.939805	0.644368	0.480054	-0.177005
0.842	0.939629	0.644247	0.479964	-0.17618
0.843	0.939453	0.644126	0.479874	-0.175359
0.844	0.939278	0.644006	0.479785	-0.174543
0.845	0.939104	0.643887	0.479696	-0.173731
0.846	0.93893	0.643768	0.479607	-0.172923
0.847	0.938758	0.64365	0.479519	-0.17212
0.848	0.938586	0.643532	0.479431	-0.171321
0.849	0.938415	0.643415	0.479344	-0.170526
0.85	0.938245	0.643298	0.479257	-0.169735
0.851	0.938076	0.643182	0.479171	-0.168948
0.852	0.937907	0.643067	0.479085	-0.168165
0.853	0.937739	0.642952	0.478999	-0.167387
0.854	0.937572	0.642837	0.478914	-0.166612
0.855	0.937406	0.642723	0.478829	-0.165842
0.856	0.937241	0.64261	0.478744	-0.165076
0.857	0.937076	0.642497	0.47866	-0.164313
0.858	0.936912	0.642384	0.478576	-0.163555
0.859	0.936749	0.642273	0.478493	-0.1628
0.86	0.936586	0.642161	0.47841	-0.16205
0.861	0.936425	0.64205	0.478327	-0.161303
0.862	0.936264	0.64194	0.478245	-0.160561
0.863	0.936104	0.64183	0.478163	-0.159822
0.864	0.935944	0.641721	0.478082	-0.159087
0.865	0.935786	0.641612	0.478001	-0.158356
0.866	0.935628	0.641504	0.47792	-0.157628
0.867	0.93547	0.641396	0.47784	-0.156905
0.868	0.935314	0.641289	0.47776	-0.156185
0.869	0.935158	0.641182	0.47768	-0.155469
0.87	0.935003	0.641075	0.477601	-0.154757
0.871	0.934848	0.640969	0.477522	-0.154048
0.872	0.934695	0.640864	0.477444	-0.153343
0.873	0.934542	0.640759	0.477366	-0.152642
0.874	0.934389	0.640655	0.477288	-0.151944
0.875	0.934238	0.640551	0.47721	-0.15125
0.876	0.934087	0.640447	0.477133	-0.15056
0.877	0.933937	0.640344	0.477057	-0.149873
0.878	0.933787	0.640242	0.47698	-0.149189
0.879	0.933638	0.64014	0.476904	-0.14851
0.88	0.93349	0.640038	0.476828	-0.147833
0.881	0.933343	0.639937	0.476753	-0.147161
0.882	0.933196	0.639836	0.476678	-0.146491
0.883	0.93305	0.639736	0.476603	-0.145825
0.884	0.932904	0.639636	0.476529	-0.145163
0.885	0.932759	0.639537	0.476455	-0.144504
0.886	0.932615	0.639438	0.476382	-0.143849
0.887	0.932472	0.63934	0.476308	-0.143196
0.888	0.932329	0.639242	0.476235	-0.142547
0.889	0.932187	0.639144	0.476163	-0.141902
0.89	0.932045	0.639047	0.47609	-0.14126
0.891	0.931904	0.638951	0.476018	-0.140621
0.892	0.931764	0.638854	0.475947	-0.139985
0.893	0.931624	0.638759	0.475875	-0.139353
0.894	0.931485	0.638663	0.475804	-0.138724
0.895	0.931347	0.638568	0.475734	-0.138098
0.896	0.931209	0.638474	0.475663	-0.137476
0.897	0.931072	0.63838	0.475593	-0.136856
0.898	0.930935	0.638286	0.475523	-0.13624
0.899	0.930799	0.638193	0.475454	-0.135627
0.9	0.930664	0.6381	0.475385	-0.135017
0.901	0.930529	0.638008	0.475316	-0.13441
0.902	0.930395	0.637916	0.475247	-0.133806
0.903	0.930262	0.637825	0.475179	-0.133206
0.904	0.930129	0.637733	0.475111	-0.132608
0.905	0.929996	0.637643	0.475044	-0.132014
0.906	0.929865	0.637552	0.474977	-0.131422
0.907	0.929733	0.637462	0.47491	-0.130834
0.908	0.929603	0.637373	0.474843	-0.130248
0.909	0.929473	0.637284	0.474776	-0.129666
0.91	0.929344	0.637195	0.47471	-0.129086
0.911	0.929215	0.637107	0.474645	-0.12851
0.912	0.929087	0.637019	0.474579	-0.127936
0.913	0.928959	0.636931	0.474514	-0.127366
0.914	0.928832	0.636844	0.474449	-0.126798
0.915	0.928705	0.636758	0.474384	-0.126233
0.916	0.928579	0.636671	0.47432	-0.125671
0.917	0.928454	0.636585	0.474256	-0.125112
0.918	0.928329	0.6365	0.474192	-0.124556
0.919	0.928205	0.636414	0.474129	-0.124002
0.92	0.928081	0.63633	0.474066	-0.123451
0.921	0.927958	0.636245	0.474003	-0.122904
0.922	0.927835	0.636161	0.47394	-0.122359
0.923	0.927713	0.636077	0.473878	-0.121816
0.924	0.927592	0.635994	0.473816	-0.121277
0.925	0.927471	0.635911	0.473754	-0.12074
0.926	0.92735	0.635828	0.473692	-0.120206
0.927	0.92723	0.635746	0.473631	-0.119674
0.928	0.927111	0.635664	0.47357	-0.119145
0.929	0.926992	0.635583	0.473509	-0.118619
0.93	0.926874	0.635502	0.473449	-0.118096
0.931	0.926756	0.635421	0.473389	-0.117575
0.932	0.926638	0.63534	0.473329	-0.117057
0.933	0.926522	0.63526	0.473269	-0.116542
0.934	0.926405	0.635181	0.47321	-0.116029
0.935	0.92629	0.635101	0.47315	-0.115518
0.936	0.926174	0.635022	0.473092	-0.115011
0.937	0.92606	0.634944	0.473033	-0.114505
0.938	0.925945	0.634865	0.472975	-0.114003
0.939	0.925832	0.634787	0.472916	-0.113502
0.94	0.925718	0.63471	0.472859	-0.113005
0.941	0.925606	0.634632	0.472801	-0.11251
0.942	0.925493	0.634555	0.472744	-0.112017
0.943	0.925382	0.634479	0.472687	-0.111527
0.944	0.92527	0.634402	0.47263	-0.111039
0.945	0.925159	0.634326	0.472573	-0.110554
0.946	0.925049	0.634251	0.472517	-0.110071
0.947	0.924939	0.634175	0.472461	-0.109591
0.948	0.92483	0.6341	0.472405	-0.109113
0.949	0.924721	0.634026	0.472349	-0.108637
0.95	0.924613	0.633951	0.472294	-0.108164
0.951	0.924505	0.633877	0.472239	-0.107693
0.952	0.924397	0.633804	0.472184	-0.107224
0.953	0.92429	0.63373	0.472129	-0.106758
0.954	0.924184	0.633657	0.472075	-0.106294
0.955	0.924078	0.633585	0.472021	-0.105833
0.956	0.923972	0.633512	0.471967	-0.105373
0.957	0.923867	0.63344	0.471913	-0.104916
0.958	0.923762	0.633368	0.471859	-0.104462
0.959	0.923658	0.633297	0.471806	-0.104009
0.96	0.923554	0.633226	0.471753	-0.103559
0.961	0.923451	0.633155	0.4717	-0.103111
0.962	0.923348	0.633084	0.471648	-0.102665
0.963	0.923246	0.633014	0.471596	-0.102222
0.964	0.923144	0.632944	0.471543	-0.101781
0.965	0.923042	0.632875	0.471492	-0.101341
0.966	0.922941	0.632805	0.47144	-0.100905
0.967	0.92284	0.632736	0.471388	-0.10047
0.968	0.92274	0.632667	0.471337	-0.100037
0.969	0.92264	0.632599	0.471286	-0.0996066
0.97	0.922541	0.632531	0.471236	-0.0991783
0.971	0.922442	0.632463	0.471185	-0.0987521
0.972	0.922343	0.632395	0.471135	-0.0983279
0.973	0.922245	0.632328	0.471085	-0.0979059
0.974	0.922147	0.632261	0.471035	-0.097486
0.975	0.92205	0.632195	0.470985	-0.0970681
0.976	0.921953	0.632128	0.470935	-0.0966523
0.977	0.921857	0.632062	0.470886	-0.0962385
0.978	0.921761	0.631996	0.470837	-0.0958268
0.979	0.921665	0.631931	0.470788	-0.0954171
0.98	0.92157	0.631865	0.47074	-0.0950094
0.981	0.921475	0.6318	0.470691	-0.0946037
0.982	0.921381	0.631736	0.470643	-0.0942
0.983	0.921287	0.631671	0.470595	-0.0937983
0.984	0.921193	0.631607	0.470547	-0.0933986
0.985	0.9211	0.631543	0.4705	-0.0930008
0.986	0.921007	0.631479	0.470452	-0.092605
0.987	0.920915	0.631416	0.470405	-0.0922111
0.988	0.920823	0.631353	0.470358	-0.0918192
0.989	0.920731	0.63129	0.470311	-0.0914292
0.99	0.92064	0.631228	0.470265	-0.091041
0.991	0.920549	0.631165	0.470218	-0.0906548
0.992	0.920459	0.631103	0.470172	-0.0902705
0.993	0.920369	0.631042	0.470126	-0.089888
0.994	0.920279	0.63098	0.47008	-0.0895074
0.995	0.92019	0.630919	0.470034	-0.0891287
0.996	0.920101	0.630858	0.469989	-0.0887518
0.997	0.920012	0.630797	0.469944	-0.0883768
0.998	0.919924	0.630737	0.469899	-0.0880036
0.999	0.919836	0.630676	0.469854	-0.0876322
