0.001	0.99998
0.002	0.999979
0.003	0.999976
0.004	0.999973
0.005	0.999968
0.006	0.999961
0.007	0.999954
0.008	0.999945
0.009	0.999935
0.01	0.999923
0.011	0.99991
0.012	0.999896
0.013	0.999881
0.014	0.999864
0.015	0.999846
0.016	0.999827
0.017	0.999807
0.018	0.999785
0.019	0.999762
0.02	0.999738
0.021	0.999712
0.022	0.999685
0.023	0.999657
0.024	0.999627
0.025	0.999596
0.026	0.999564
0.027	0.999531
0.028	0.999496
0.029	0.999461
0.03	0.999423
0.031	0.999385
0.032	0.999345
0.033	0.999304
0.034	0.999262
0.035	0.999218
0.036	0.999173
0.037	0.999127
0.038	0.99908
0.039	0.999031
0.04	0.998981
0.041	0.99893
0.042	0.998877
0.043	0.998823
0.044	0.998768
0.045	0.998712
0.046	0.998654
0.047	0.998595
0.048	0.998535
0.049	0.998474
0.05	0.998411
0.051	0.998347
0.052	0.998282
0.053	0.998215
0.054	0.998147
0.055	0.998078
0.056	0.998008
0.057	0.997936
0.058	0.997863
0.059	0.997789
0.06	0.997714
0.061	0.997637
0.062	0.997559
0.063	0.99748
0.064	0.9974
0.065	0.997318
0.066	0.997235
0.067	0.997151
0.068	0.997065
0.069	0.996978
0.07	0.99689
0.071	0.996801
0.072	0.996711
0.073	0.996619
0.074	0.996526
0.075	0.996431
0.076	0.996336
0.077	0.996239
0.078	0.996141
0.079	0.996042
0.08	0.995941
0.081	0.995839
0.082	0.995736
0.083	0.995632
0.084	0.995526
0.085	0.99542
0.086	0.995312
0.087	0.995202
0.088	0.995092
0.089	0.99498
0.09	0.994867
0.091	0.994753
0.092	0.994637
0.093	0.994521
0.094	0.994403
0.095	0.994284
0.096	0.994163
0.097	0.994041
0.098	0.993919
0.099	0.993794
0.1	0.993669
0.101	0.993543
0.102	0.993415
0.103	0.993286
0.104	0.993156
0.105	0.993024
0.106	0.992891
0.107	0.992757
0.108	0.992622
0.109	0.992486
0.11	0.992348
0.111	0.99221
0.112	0.99207
0.113	0.991928
0.114	0.991786
0.115	0.991642
0.116	0.991497
0.117	0.991351
0.118	0.991204
0.119	0.991055
0.12	0.990906
0.121	0.990755
0.122	0.990603
0.123	0.990449
0.124	0.990295
0.125	0.990139
0.126	0.989982
0.127	0.989824
0.128	0.989665
0.129	0.989504
0.13	0.989343
0.131	0.98918
0.132	0.989016
0.133	0.98885
0.134	0.988684
0.135	0.988516
0.136	0.988347
0.137	0.988177
0.138	0.988006
0.139	0.987834
0.14	0.98766
0.141	0.987485
0.142	0.987309
0.143	0.987132
0.144	0.986954
0.145	0.986774
0.146	0.986594
0.147	0.986412
0.148	0.986229
0.149	0.986045
0.15	0.98586
0.151	0.985673
0.152	0.985485
0.153	0.985297
0.154	0.985107
0.155	0.984915
0.156	0.984723
0.157	0.98453
0.158	0.984335
0.159	0.984139
0.16	0.983942
0.161	0.983744
0.162	0.983545
0.163	0.983345
0.164	0.983143
0.165	0.982941
0.166	0.982737
0.167	0.982532
0.168	0.982326
0.169	0.982119
0.17	0.98191
0.171	0.981701
0.172	0.98149
0.173	0.981278
0.174	0.981066
0.175	0.980852
0.176	0.980636
0.177	0.98042
0.178	0.980203
0.179	0.979984
0.18	0.979765
0.181	0.979544
0.182	0.979322
0.183	0.979099
0.184	0.978875
0.185	0.97865
0.186	0.978424
0.187	0.978196
0.188	0.977968
0.189	0.977738
0.19	0.977507
0.191	0.977275
0.192	0.977043
0.193	0.976808
0.194	0.976573
0.195	0.976337
0.196	0.9761
0.197	0.975861
0.198	0.975622
0.199	0.975381
0.2	0.97514
0.201	0.974897
0.202	0.974653
0.203	0.974408
0.204	0.974162
0.205	0.973915
0.206	0.973667
0.207	0.973418
0.208	0.973168
0.209	0.972916
0.21	0.972664
0.211	0.97241
0.212	0.972156
0.213	0.9719
0.214	0.971643
0.215	0.971386
0.216	0.971127
0.217	0.970867
0.218	0.970606
0.219	0.970344
0.22	0.970081
0.221	0.969817
0.222	0.969552
0.223	0.969286
0.224	0.969019
0.225	0.968751
0.226	0.968481
0.227	0.968211
0.228	0.96794
0.229	0.967668
0.23	0.967394
0.231	0.96712
0.232	0.966844
0.233	0.966568
0.234	0.96629
0.235	0.966012
0.236	0.965732
0.237	0.965452
0.238	0.96517
0.239	0.964888
0.24	0.964604
0.241	0.96432
0.242	0.964034
0.243	0.963748
0.244	0.96346
0.245	0.963172
0.246	0.962882
0.247	0.962592
0.248	0.9623
0.249	0.962007
0.25	0.961714
0.251	0.961419
0.252	0.961124
0.253	0.960827
0.254	0.96053
0.255	0.960232
0.256	0.959932
0.257	0.959632
0.258	0.95933
0.259	0.959028
0.26	0.958725
0.261	0.958421
0.262	0.958115
0.263	0.957809
0.264	0.957502
0.265	0.957194
0.266	0.956885
0.267	0.956575
0.268	0.956264
0.269	0.955952
0.27	0.955639
0.271	0.955325
0.272	0.955011
0.273	0.954695
0.274	0.954378
0.275	0.954061
0.276	0.953742
0.277	0.953423
0.278	0.953103
0.279	0.952781
0.28	0.952459
0.281	0.952136
0.282	0.951812
0.283	0.951487
0.284	0.951161
0.285	0.950835
0.286	0.950507
0.287	0.950178
0.288	0.949849
0.289	0.949518
0.29	0.949187
0.291	0.948855
0.292	0.948522
0.293	0.948188
0.294	0.947853
0.295	0.947517
0.296	0.94718
0.297	0.946843
0.298	0.946504
0.299	0.946165
0.3	0.945825
0.301	0.945484
0.302	0.945142
0.303	0.944799
0.304	0.944455
0.305	0.944111
0.306	0.943765
0.307	0.943419
0.308	0.943072
0.309	0.942724
0.31	0.942375
0.311	0.942025
0.312	0.941675
0.313	0.941323
0.314	0.940971
0.315	0.940618
0.316	0.940264
0.317	0.939909
0.318	0.939553
0.319	0.939197
0.32	0.93884
0.321	0.938482
0.322	0.938123
0.323	0.937763
0.324	0.937402
0.325	0.937041
0.326	0.936678
0.327	0.936315
0.328	0.935951
0.329	0.935587
0.33	0.935221
0.331	0.934855
0.332	0.934488
0.333	0.93412
0.334	0.933751
0.335	0.933382
0.336	0.933011
0.337	0.93264
0.338	0.932268
0.339	0.931895
0.34	0.931522
0.341	0.931148
0.342	0.930773
0.343	0.930397
0.344	0.93002
0.345	0.929643
0.346	0.929265
0.347	0.928886
0.348	0.928506
0.349	0.928126
0.35	0.927744
0.351	0.927362
0.352	0.92698
0.353	0.926596
0.354	0.926212
0.355	0.925827
0.356	0.925441
0.357	0.925054
0.358	0.924667
0.359	0.924279
0.36	0.923891
0.361	0.923501
0.362	0.923111
0.363	0.92272
0.364	0.922328
0.365	0.921936
0.366	0.921543
0.367	0.921149
0.368	0.920754
0.369	0.920359
0.37	0.919963
0.371	0.919566
0.372	0.919169
0.373	0.918771
0.374	0.918372
0.375	0.917972
0.376	0.917572
0.377	0.917171
0.378	0.91677
0.379	0.916367
0.38	0.915964
0.381	0.915561
0.382	0.915156
0.383	0.914751
0.384	0.914345
0.385	0.913939
0.386	0.913532
0.387	0.913124
0.388	0.912716
0.389	0.912307
0.39	0.911897
0.391	0.911486
0.392	0.911075
0.393	0.910663
0.394	0.910251
0.395	0.909838
0.396	0.909424
0.397	0.90901
0.398	0.908595
0.399	0.908179
0.4	0.907763
0.401	0.907346
0.402	0.906928
0.403	0.90651
0.404	0.906091
0.405	0.905671
0.406	0.905251
0.407	0.90483
0.408	0.904409
0.409	0.903987
0.41	0.903564
0.411	0.903141
0.412	0.902717
0.413	0.902293
0.414	0.901868
0.415	0.901442
0.416	0.901016
0.417	0.900589
0.418	0.900161
0.419	0.899733
0.42	0.899305
0.421	0.898875
0.422	0.898445
0.423	0.898015
0.424	0.897584
0.425	0.897152
0.426	0.89672
0.427	0.896287
0.428	0.895854
0.429	0.89542
0.43	0.894986
0.431	0.89455
0.432	0.894115
0.433	0.893679
0.434	0.893242
0.435	0.892805
0.436	0.892367
0.437	0.891928
0.438	0.891489
0.439	0.89105
0.44	0.89061
0.441	0.890169
0.442	0.889728
0.443	0.889286
0.444	0.888844
0.445	0.888401
0.446	0.887958
0.447	0.887514
0.448	0.88707
0.449	0.886625
0.45	0.886179
0.451	0.885733
0.452	0.885287
0.453	0.88484
0.454	0.884392
0.455	0.883944
0.456	0.883496
0.457	0.883047
0.458	0.882597
0.459	0.882147
0.46	0.881697
0.461	0.881246
0.462	0.880794
0.463	0.880342
0.464	0.87989
0.465	0.879437
0.466	0.878983
0.467	0.878529
0.468	0.878075
0.469	0.87762
0.47	0.877165
0.471	0.876709
0.472	0.876252
0.473	0.875795
0.474	0.875338
0.475	0.87488
0.476	0.874422
0.477	0.873964
0.478	0.873504
0.479	0.873045
0.48	0.872585
0.481	0.872124
0.482	0.871663
0.483	0.871202
0.484	0.87074
0.485	0.870278
0.486	0.869815
0.487	0.869352
0.488	0.868889
0.489	0.868425
0.49	0.86796
0.491	0.867495
0.492	0.86703
0.493	0.866564
0.494	0.866098
0.495	0.865632
0.496	0.865165
0.497	0.864697
0.498	0.86423
0.499	0.863761
0.5	0.863293
0.501	0.862824
0.502	0.862354
0.503	0.861885
0.504	0.861414
0.505	0.860944
0.506	0.860473
0.507	0.860001
0.508	0.85953
0.509	0.859057
0.51	0.858585
0.511	0.858112
0.512	0.857639
0.513	0.857165
0.514	0.856691
0.515	0.856216
0.516	0.855742
0.517	0.855266
0.518	0.854791
0.519	0.854315
0.52	0.853839
0.521	0.853362
0.522	0.852885
0.523	0.852408
0.524	0.85193
0.525	0.851452
0.526	0.850974
0.527	0.850495
0.528	0.850016
0.529	0.849536
0.53	0.849057
0.531	0.848576
0.532	0.848096
0.533	0.847615
0.534	0.847134
0.535	0.846653
0.536	0.846171
0.537	0.845689
0.538	0.845206
0.539	0.844724
0.54	0.844241
0.541	0.843757
0.542	0.843274
0.543	0.84279
0.544	0.842305
0.545	0.841821
0.546	0.841336
0.547	0.840851
0.548	0.840365
0.549	0.839879
0.55	0.839393
0.551	0.838907
0.552	0.83842
0.553	0.837933
0.554	0.837446
0.555	0.836958
0.556	0.83647
0.557	0.835982
0.558	0.835494
0.559	0.835005
0.56	0.834516
0.561	0.834027
0.562	0.833537
0.563	0.833047
0.564	0.832557
0.565	0.832067
0.566	0.831576
0.567	0.831086
0.568	0.830595
0.569	0.830103
0.57	0.829612
0.571	0.82912
0.572	0.828628
0.573	0.828135
0.574	0.827643
0.575	0.82715
0.576	0.826657
0.577	0.826163
0.578	0.82567
0.579	0.825176
0.58	0.824682
0.581	0.824187
0.582	0.823693
0.583	0.823198
0.584	0.822703
0.585	0.822208
0.586	0.821713
0.587	0.821217
0.588	0.820721
0.589	0.820225
0.59	0.819729
0.591	0.819232
0.592	0.818735
0.593	0.818239
0.594	0.817741
0.595	0.817244
0.596	0.816747
0.597	0.816249
0.598	0.815751
0.599	0.815253
0.6	0.814754
0.601	0.814256
0.602	0.813757
0.603	0.813258
0.604	0.812759
0.605	0.81226
0.606	0.81176
0.607	0.811261
0.608	0.810761
0.609	0.810261
0.61	0.809761
0.611	0.80926
0.612	0.80876
0.613	0.808259
0.614	0.807758
0.615	0.807257
0.616	0.806756
0.617	0.806255
0.618	0.805753
0.619	0.805251
0.62	0.80475
0.621	0.804248
0.622	0.803745
0.623	0.803243
0.624	0.802741
0.625	0.802238
0.626	0.801735
0.627	0.801232
0.628	0.800729
0.629	0.800226
0.63	0.799723
0.631	0.799219
0.632	0.798716
0.633	0.798212
0.634	0.797708
0.635	0.797204
0.636	0.7967
0.637	0.796196
0.638	0.795692
0.639	0.795187
0.64	0.794683
0.641	0.794178
0.642	0.793673
0.643	0.793168
0.644	0.792663
0.645	0.792158
0.646	0.791652
0.647	0.791147
0.648	0.790642
0.649	0.790136
0.65	0.78963
0.651	0.789124
0.652	0.788619
0.653	0.788113
0.654	0.787606
0.655	0.7871
0.656	0.786594
0.657	0.786088
0.658	0.785581
0.659	0.785075
0.66	0.784568
0.661	0.784061
0.662	0.783554
0.663	0.783047
0.664	0.78254
0.665	0.782033
0.666	0.781526
0.667	0.781019
0.668	0.780512
0.669	0.780004
0.67	0.779497
0.671	0.77899
0.672	0.778482
0.673	0.777974
0.674	0.777467
0.675	0.776959
0.676	0.776451
0.677	0.775943
0.678	0.775435
0.679	0.774927
0.68	0.774419
0.681	0.773911
0.682	0.773403
0.683	0.772895
0.684	0.772387
0.685	0.771879
0.686	0.77137
0.687	0.770862
0.688	0.770354
0.689	0.769845
0.69	0.769337
0.691	0.768828
0.692	0.76832
0.693	0.767811
0.694	0.767302
0.695	0.766794
0.696	0.766285
0.697	0.765777
0.698	0.765268
0.699	0.764759
0.7	0.76425
0.701	0.763742
0.702	0.763233
0.703	0.762724
0.704	0.762215
0.705	0.761706
0.706	0.761198
0.707	0.760689
0.708	0.76018
0.709	0.759671
0.71	0.759162
0.711	0.758653
0.712	0.758144
0.713	0.757635
0.714	0.757126
0.715	0.756618
0.716	0.756109
0.717	0.7556
0.718	0.755091
0.719	0.754582
0.72	0.754073
0.721	0.753564
0.722	0.753056
0.723	0.752547
0.724	0.752038
0.725	0.751529
0.726	0.75102
0.727	0.750512
0.728	0.750003
0.729	0.749494
0.73	0.748985
0.731	0.748477
0.732	0.747968
0.733	0.747459
0.734	0.746951
0.735	0.746442
0.736	0.745934
0.737	0.745425
0.738	0.744917
0.739	0.744408
0.74	0.7439
0.741	0.743391
0.742	0.742883
0.743	0.742375
0.744	0.741867
0.745	0.741358
0.746	0.74085
0.747	0.740342
0.748	0.739834
0.749	0.739326
0.75	0.738818
0.751	0.73831
0.752	0.737802
0.753	0.737294
0.754	0.736787
0.755	0.736279
0.756	0.735771
0.757	0.735264
0.758	0.734756
0.759	0.734249
0.76	0.733741
0.761	0.733234
0.762	0.732727
0.763	0.732219
0.764	0.731712
0.765	0.731205
0.766	0.730698
0.767	0.730191
0.768	0.729684
0.769	0.729178
0.77	0.728671
0.771	0.728164
0.772	0.727658
0.773	0.727151
0.774	0.726645
0.775	0.726139
0.776	0.725632
0.777	0.725126
0.778	0.72462
0.779	0.724114
0.78	0.723608
0.781	0.723102
0.782	0.722597
0.783	0.722091
0.784	0.721585
0.785	0.72108
0.786	0.720575
0.787	0.720069
0.788	0.719564
0.789	0.719059
0.79	0.718554
0.791	0.718049
0.792	0.717545
0.793	0.71704
0.794	0.716535
0.795	0.716031
0.796	0.715526
0.797	0.715022
0.798	0.714518
0.799	0.714014
0.8	0.71351
0.801	0.713006
0.802	0.712503
0.803	0.711999
0.804	0.711496
0.805	0.710992
0.806	0.710489
0.807	0.709986
0.808	0.709483
0.809	0.70898
0.81	0.708477
0.811	0.707974
0.812	0.707472
0.813	0.70697
0.814	0.706467
0.815	0.705965
0.816	0.705463
0.817	0.704961
0.818	0.704459
0.819	0.703958
0.82	0.703456
0.821	0.702955
0.822	0.702454
0.823	0.701953
0.824	0.701452
0.825	0.700951
0.826	0.70045
0.827	0.69995
0.828	0.699449
0.829	0.698949
0.83	0.698449
0.831	0.697949
0.832	0.697449
0.833	0.696949
0.834	0.69645
0.835	0.69595
0.836	0.695451
0.837	0.694952
0.838	0.694453
0.839	0.693954
0.84	0.693455
0.841	0.692957
0.842	0.692458
0.843	0.69196
0.844	0.691462
0.845	0.690964
0.846	0.690466
0.847	0.689969
0.848	0.689471
0.849	0.688974
0.85	0.688477
0.851	0.68798
0.852	0.687483
0.853	0.686987
0.854	0.68649
0.855	0.685994
0.856	0.685498
0.857	0.685002
0.858	0.684506
0.859	0.68401
0.86	0.683515
0.861	0.683019
0.862	0.682524
0.863	0.682029
0.864	0.681534
0.865	0.68104
0.866	0.680545
0.867	0.680051
0.868	0.679557
0.869	0.679063
0.87	0.678569
0.871	0.678076
0.872	0.677582
0.873	0.677089
0.874	0.676596
0.875	0.676103
0.876	0.675611
0.877	0.675118
0.878	0.674626
0.879	0.674134
0.88	0.673642
0.881	0.67315
0.882	0.672659
0.883	0.672167
0.884	0.671676
0.885	0.671185
0.886	0.670694
0.887	0.670204
0.888	0.669713
0.889	0.669223
0.89	0.668733
0.891	0.668243
0.892	0.667754
0.893	0.667264
0.894	0.666775
0.895	0.666286
0.896	0.665797
0.897	0.665308
0.898	0.66482
0.899	0.664332
0.9	0.663844
0.901	0.663356
0.902	0.662868
0.903	0.662381
0.904	0.661894
0.905	0.661406
0.906	0.66092
0.907	0.660433
0.908	0.659947
0.909	0.65946
0.91	0.658974
0.911	0.658489
0.912	0.658003
0.913	0.657518
0.914	0.657032
0.915	0.656548
0.916	0.656063
0.917	0.655578
0.918	0.655094
0.919	0.65461
0.92	0.654126
0.921	0.653642
0.922	0.653159
0.923	0.652676
0.924	0.652193
0.925	0.65171
0.926	0.651227
0.927	0.650745
0.928	0.650263
0.929	0.649781
0.93	0.649299
0.931	0.648818
0.932	0.648336
0.933	0.647855
0.934	0.647374
0.935	0.646894
0.936	0.646413
0.937	0.645933
0.938	0.645453
0.939	0.644974
0.94	0.644494
0.941	0.644015
0.942	0.643536
0.943	0.643057
0.944	0.642579
0.945	0.6421
0.946	0.641622
0.947	0.641144
0.948	0.640667
0.949	0.640189
0.95	0.639712
0.951	0.639235
0.952	0.638759
0.953	0.638282
0.954	0.637806
0.955	0.63733
0.956	0.636854
0.957	0.636379
0.958	0.635904
0.959	0.635428
0.96	0.634954
0.961	0.634479
0.962	0.634005
0.963	0.633531
0.964	0.633057
0.965	0.632583
0.966	0.63211
0.967	0.631637
0.968	0.631164
0.969	0.630691
0.97	0.630219
0.971	0.629747
0.972	0.629275
0.973	0.628803
0.974	0.628332
0.975	0.627861
0.976	0.62739
0.977	0.626919
0.978	0.626449
0.979	0.625979
0.98	0.625509
0.981	0.625039
0.982	0.62457
0.983	0.6241
0.984	0.623632
0.985	0.623163
0.986	0.622694
0.987	0.622226
0.988	0.621758
0.989	0.621291
0.99	0.620823
0.991	0.620356
0.992	0.619889
0.993	0.619423
0.994	0.618956
0.995	0.61849
0.996	0.618024
0.997	0.617559
0.998	0.617093
0.999	0.616628
1	0.616163
1.001	0.615699
1.002	0.615234
1.003	0.61477
1.004	0.614307
1.005	0.613843
1.006	0.61338
1.007	0.612917
1.008	0.612454
1.009	0.611991
1.01	0.611529
1.011	0.611067
1.012	0.610605
1.013	0.610144
1.014	0.609683
1.015	0.609222
1.016	0.608761
1.017	0.608301
1.018	0.607841
1.019	0.607381
1.02	0.606921
1.021	0.606462
1.022	0.606003
1.023	0.605544
1.024	0.605085
1.025	0.604627
1.026	0.604169
1.027	0.603711
1.028	0.603254
1.029	0.602797
1.03	0.60234
1.031	0.601883
1.032	0.601427
1.033	0.600971
1.034	0.600515
1.035	0.600059
1.036	0.599604
1.037	0.599149
1.038	0.598694
1.039	0.59824
1.04	0.597785
1.041	0.597331
1.042	0.596878
1.043	0.596424
1.044	0.595971
1.045	0.595518
1.046	0.595066
1.047	0.594614
1.048	0.594162
1.049	0.59371
1.05	0.593258
1.051	0.592807
1.052	0.592356
1.053	0.591906
1.054	0.591455
1.055	0.591005
1.056	0.590555
1.057	0.590106
1.058	0.589657
1.059	0.589208
1.06	0.588759
1.061	0.58831
1.062	0.587862
1.063	0.587414
1.064	0.586967
1.065	0.58652
1.066	0.586073
1.067	0.585626
1.068	0.585179
1.069	0.584733
1.07	0.584287
1.071	0.583842
1.072	0.583396
1.073	0.582951
1.074	0.582506
1.075	0.582062
1.076	0.581618
1.077	0.581174
1.078	0.58073
1.079	0.580287
1.08	0.579844
1.081	0.579401
1.082	0.578959
1.083	0.578516
1.084	0.578074
1.085	0.577633
1.086	0.577191
1.087	0.57675
1.088	0.576309
1.089	0.575869
1.09	0.575429
1.091	0.574989
1.092	0.574549
1.093	0.57411
1.094	0.573671
1.095	0.573232
1.096	0.572793
1.097	0.572355
1.098	0.571917
1.099	0.57148
1.1	0.571042
1.101	0.570605
1.102	0.570168
1.103	0.569732
1.104	0.569296
1.105	0.56886
1.106	0.568424
1.107	0.567989
1.108	0.567554
1.109	0.567119
1.11	0.566685
1.111	0.566251
1.112	0.565817
1.113	0.565383
1.114	0.56495
1.115	0.564517
1.116	0.564084
1.117	0.563652
1.118	0.56322
1.119	0.562788
1.12	0.562356
1.121	0.561925
1.122	0.561494
1.123	0.561063
1.124	0.560633
1.125	0.560203
1.126	0.559773
1.127	0.559343
1.128	0.558914
1.129	0.558485
1.13	0.558057
1.131	0.557628
1.132	0.5572
1.133	0.556773
1.134	0.556345
1.135	0.555918
1.136	0.555491
1.137	0.555065
1.138	0.554638
1.139	0.554212
1.14	0.553787
1.141	0.553361
1.142	0.552936
1.143	0.552511
1.144	0.552087
1.145	0.551663
1.146	0.551239
1.147	0.550815
1.148	0.550392
1.149	0.549969
1.15	0.549546
1.151	0.549124
1.152	0.548701
1.153	0.54828
1.154	0.547858
1.155	0.547437
1.156	0.547016
1.157	0.546595
1.158	0.546175
1.159	0.545755
1.16	0.545335
1.161	0.544915
1.162	0.544496
1.163	0.544077
1.164	0.543659
1.165	0.54324
1.166	0.542822
1.167	0.542405
1.168	0.541987
1.169	0.54157
1.17	0.541153
1.171	0.540737
1.172	0.540321
1.173	0.539905
1.174	0.539489
1.175	0.539074
1.176	0.538659
1.177	0.538244
1.178	0.53783
1.179	0.537416
1.18	0.537002
1.181	0.536588
1.182	0.536175
1.183	0.535762
1.184	0.535349
1.185	0.534937
1.186	0.534525
1.187	0.534113
1.188	0.533702
1.189	0.533291
1.19	0.53288
1.191	0.532469
1.192	0.532059
1.193	0.531649
1.194	0.531239
1.195	0.53083
1.196	0.530421
1.197	0.530012
1.198	0.529604
1.199	0.529196
1.2	0.528788
1.201	0.52838
1.202	0.527973
1.203	0.527566
1.204	0.527159
1.205	0.526753
1.206	0.526347
1.207	0.525941
1.208	0.525536
1.209	0.52513
1.21	0.524726
1.211	0.524321
1.212	0.523917
1.213	0.523513
1.214	0.523109
1.215	0.522706
1.216	0.522303
1.217	0.5219
1.218	0.521497
1.219	0.521095
1.22	0.520693
1.221	0.520292
1.222	0.51989
1.223	0.519489
1.224	0.519089
1.225	0.518688
1.226	0.518288
1.227	0.517889
1.228	0.517489
1.229	0.51709
1.23	0.516691
1.231	0.516292
1.232	0.515894
1.233	0.515496
1.234	0.515098
1.235	0.514701
1.236	0.514304
1.237	0.513907
1.238	0.513511
1.239	0.513114
1.24	0.512719
1.241	0.512323
1.242	0.511928
1.243	0.511533
1.244	0.511138
1.245	0.510744
1.246	0.510349
1.247	0.509956
1.248	0.509562
1.249	0.509169
1.25	0.508776
1.251	0.508383
1.252	0.507991
1.253	0.507599
1.254	0.507207
1.255	0.506816
1.256	0.506425
1.257	0.506034
1.258	0.505644
1.259	0.505253
1.26	0.504863
1.261	0.504474
1.262	0.504084
1.263	0.503695
1.264	0.503307
1.265	0.502918
1.266	0.50253
1.267	0.502142
1.268	0.501755
1.269	0.501368
1.27	0.500981
1.271	0.500594
1.272	0.500208
1.273	0.499822
1.274	0.499436
1.275	0.49905
1.276	0.498665
1.277	0.49828
1.278	0.497896
1.279	0.497512
1.28	0.497128
1.281	0.496744
1.282	0.496361
1.283	0.495978
1.284	0.495595
1.285	0.495212
1.286	0.49483
1.287	0.494448
1.288	0.494067
1.289	0.493685
1.29	0.493304
1.291	0.492924
1.292	0.492543
1.293	0.492163
1.294	0.491783
1.295	0.491404
1.296	0.491025
1.297	0.490646
1.298	0.490267
1.299	0.489889
1.3	0.489511
1.301	0.489133
1.302	0.488756
1.303	0.488379
1.304	0.488002
1.305	0.487625
1.306	0.487249
1.307	0.486873
1.308	0.486497
1.309	0.486122
1.31	0.485747
1.311	0.485372
1.312	0.484998
1.313	0.484623
1.314	0.48425
1.315	0.483876
1.316	0.483503
1.317	0.48313
1.318	0.482757
1.319	0.482385
1.32	0.482012
1.321	0.481641
1.322	0.481269
1.323	0.480898
1.324	0.480527
1.325	0.480156
1.326	0.479786
1.327	0.479416
1.328	0.479046
1.329	0.478677
1.33	0.478307
1.331	0.477938
1.332	0.47757
1.333	0.477202
1.334	0.476834
1.335	0.476466
1.336	0.476098
1.337	0.475731
1.338	0.475364
1.339	0.474998
1.34	0.474632
1.341	0.474266
1.342	0.4739
1.343	0.473535
1.344	0.47317
1.345	0.472805
1.346	0.47244
1.347	0.472076
1.348	0.471712
1.349	0.471349
1.35	0.470985
1.351	0.470622
1.352	0.470259
1.353	0.469897
1.354	0.469535
1.355	0.469173
1.356	0.468811
1.357	0.46845
1.358	0.468089
1.359	0.467728
1.36	0.467368
1.361	0.467008
1.362	0.466648
1.363	0.466288
1.364	0.465929
1.365	0.46557
1.366	0.465211
1.367	0.464853
1.368	0.464495
1.369	0.464137
1.37	0.46378
1.371	0.463422
1.372	0.463065
1.373	0.462709
1.374	0.462352
1.375	0.461996
1.376	0.46164
1.377	0.461285
1.378	0.46093
1.379	0.460575
1.38	0.46022
1.381	0.459866
1.382	0.459512
1.383	0.459158
1.384	0.458804
1.385	0.458451
1.386	0.458098
1.387	0.457746
1.388	0.457393
1.389	0.457041
1.39	0.456689
1.391	0.456338
1.392	0.455987
1.393	0.455636
1.394	0.455285
1.395	0.454935
1.396	0.454585
1.397	0.454235
1.398	0.453885
1.399	0.453536
1.4	0.453187
1.401	0.452839
1.402	0.45249
1.403	0.452142
1.404	0.451794
1.405	0.451447
1.406	0.4511
1.407	0.450753
1.408	0.450406
1.409	0.45006
1.41	0.449713
1.411	0.449368
1.412	0.449022
1.413	0.448677
1.414	0.448332
1.415	0.447987
1.416	0.447643
1.417	0.447299
1.418	0.446955
1.419	0.446611
1.42	0.446268
1.421	0.445925
1.422	0.445582
1.423	0.44524
1.424	0.444898
1.425	0.444556
1.426	0.444214
1.427	0.443873
1.428	0.443532
1.429	0.443191
1.43	0.442851
1.431	0.442511
1.432	0.442171
1.433	0.441831
1.434	0.441492
1.435	0.441153
1.436	0.440814
1.437	0.440476
1.438	0.440137
1.439	0.439799
1.44	0.439462
1.441	0.439124
1.442	0.438787
1.443	0.43845
1.444	0.438114
1.445	0.437778
1.446	0.437442
1.447	0.437106
1.448	0.43677
1.449	0.436435
1.45	0.4361
1.451	0.435766
1.452	0.435431
1.453	0.435097
1.454	0.434764
1.455	0.43443
1.456	0.434097
1.457	0.433764
1.458	0.433431
1.459	0.433099
1.46	0.432767
1.461	0.432435
1.462	0.432103
1.463	0.431772
1.464	0.431441
1.465	0.43111
1.466	0.43078
1.467	0.430449
1.468	0.430119
1.469	0.42979
1.47	0.42946
1.471	0.429131
1.472	0.428802
1.473	0.428474
1.474	0.428146
1.475	0.427818
1.476	0.42749
1.477	0.427162
1.478	0.426835
1.479	0.426508
1.48	0.426182
1.481	0.425855
1.482	0.425529
1.483	0.425203
1.484	0.424878
1.485	0.424552
1.486	0.424227
1.487	0.423902
1.488	0.423578
1.489	0.423254
1.49	0.42293
1.491	0.422606
1.492	0.422283
1.493	0.42196
1.494	0.421637
1.495	0.421314
1.496	0.420992
1.497	0.42067
1.498	0.420348
1.499	0.420026
1.5	0.419705
1.501	0.419384
1.502	0.419063
1.503	0.418743
1.504	0.418423
1.505	0.418103
1.506	0.417783
1.507	0.417464
1.508	0.417145
1.509	0.416826
1.51	0.416507
1.511	0.416189
1.512	0.415871
1.513	0.415553
1.514	0.415235
1.515	0.414918
1.516	0.414601
1.517	0.414284
1.518	0.413968
1.519	0.413652
1.52	0.413336
1.521	0.41302
1.522	0.412705
1.523	0.41239
1.524	0.412075
1.525	0.41176
1.526	0.411446
1.527	0.411132
1.528	0.410818
1.529	0.410504
1.53	0.410191
1.531	0.409878
1.532	0.409565
1.533	0.409253
1.534	0.40894
1.535	0.408628
1.536	0.408317
1.537	0.408005
1.538	0.407694
1.539	0.407383
1.54	0.407072
1.541	0.406762
1.542	0.406452
1.543	0.406142
1.544	0.405832
1.545	0.405523
1.546	0.405214
1.547	0.404905
1.548	0.404596
1.549	0.404288
1.55	0.40398
1.551	0.403672
1.552	0.403364
1.553	0.403057
1.554	0.40275
1.555	0.402443
1.556	0.402137
1.557	0.40183
1.558	0.401524
1.559	0.401219
1.56	0.400913
1.561	0.400608
1.562	0.400303
1.563	0.399998
1.564	0.399694
1.565	0.399389
1.566	0.399085
1.567	0.398782
1.568	0.398478
1.569	0.398175
1.57	0.397872
1.571	0.397569
1.572	0.397267
1.573	0.396965
1.574	0.396663
1.575	0.396361
1.576	0.39606
1.577	0.395758
1.578	0.395457
1.579	0.395157
1.58	0.394856
1.581	0.394556
1.582	0.394256
1.583	0.393957
1.584	0.393657
1.585	0.393358
1.586	0.393059
1.587	0.39276
1.588	0.392462
1.589	0.392164
1.59	0.391866
1.591	0.391568
1.592	0.391271
1.593	0.390974
1.594	0.390677
1.595	0.39038
1.596	0.390084
1.597	0.389788
1.598	0.389492
1.599	0.389196
1.6	0.388901
1.601	0.388606
1.602	0.388311
1.603	0.388016
1.604	0.387722
1.605	0.387428
1.606	0.387134
1.607	0.38684
1.608	0.386547
1.609	0.386253
1.61	0.38596
1.611	0.385668
1.612	0.385375
1.613	0.385083
1.614	0.384791
1.615	0.3845
1.616	0.384208
1.617	0.383917
1.618	0.383626
1.619	0.383335
1.62	0.383045
1.621	0.382755
1.622	0.382465
1.623	0.382175
1.624	0.381885
1.625	0.381596
1.626	0.381307
1.627	0.381018
1.628	0.38073
1.629	0.380442
1.63	0.380154
1.631	0.379866
1.632	0.379578
1.633	0.379291
1.634	0.379004
1.635	0.378717
1.636	0.378431
1.637	0.378144
1.638	0.377858
1.639	0.377572
1.64	0.377287
1.641	0.377001
1.642	0.376716
1.643	0.376431
1.644	0.376147
1.645	0.375862
1.646	0.375578
1.647	0.375294
1.648	0.375011
1.649	0.374727
1.65	0.374444
1.651	0.374161
1.652	0.373878
1.653	0.373596
1.654	0.373313
1.655	0.373031
1.656	0.37275
1.657	0.372468
1.658	0.372187
1.659	0.371906
1.66	0.371625
1.661	0.371344
1.662	0.371064
1.663	0.370784
1.664	0.370504
1.665	0.370224
1.666	0.369945
1.667	0.369666
1.668	0.369387
1.669	0.369108
1.67	0.36883
1.671	0.368551
1.672	0.368273
1.673	0.367996
1.674	0.367718
1.675	0.367441
1.676	0.367164
1.677	0.366887
1.678	0.36661
1.679	0.366334
1.68	0.366058
1.681	0.365782
1.682	0.365506
1.683	0.365231
1.684	0.364956
1.685	0.364681
1.686	0.364406
1.687	0.364132
1.688	0.363857
1.689	0.363583
1.69	0.363309
1.691	0.363036
1.692	0.362762
1.693	0.362489
1.694	0.362216
1.695	0.361944
1.696	0.361671
1.697	0.361399
1.698	0.361127
1.699	0.360855
1.7	0.360584
1.701	0.360313
1.702	0.360042
1.703	0.359771
1.704	0.3595
1.705	0.35923
1.706	0.35896
1.707	0.35869
1.708	0.35842
1.709	0.358151
1.71	0.357881
1.711	0.357612
1.712	0.357344
1.713	0.357075
1.714	0.356807
1.715	0.356539
1.716	0.356271
1.717	0.356003
1.718	0.355736
1.719	0.355469
1.72	0.355202
1.721	0.354935
1.722	0.354668
1.723	0.354402
1.724	0.354136
1.725	0.35387
1.726	0.353604
1.727	0.353339
1.728	0.353074
1.729	0.352809
1.73	0.352544
1.731	0.35228
1.732	0.352015
1.733	0.351751
1.734	0.351487
1.735	0.351224
1.736	0.35096
1.737	0.350697
1.738	0.350434
1.739	0.350172
1.74	0.349909
1.741	0.349647
1.742	0.349385
1.743	0.349123
1.744	0.348861
1.745	0.3486
1.746	0.348339
1.747	0.348078
1.748	0.347817
1.749	0.347556
1.75	0.347296
1.751	0.347036
1.752	0.346776
1.753	0.346516
1.754	0.346257
1.755	0.345998
1.756	0.345739
1.757	0.34548
1.758	0.345221
1.759	0.344963
1.76	0.344705
1.761	0.344447
1.762	0.344189
1.763	0.343932
1.764	0.343674
1.765	0.343417
1.766	0.34316
1.767	0.342904
1.768	0.342647
1.769	0.342391
1.77	0.342135
1.771	0.341879
1.772	0.341624
1.773	0.341369
1.774	0.341113
1.775	0.340859
1.776	0.340604
1.777	0.340349
1.778	0.340095
1.779	0.339841
1.78	0.339587
1.781	0.339334
1.782	0.33908
1.783	0.338827
1.784	0.338574
1.785	0.338321
1.786	0.338069
1.787	0.337816
1.788	0.337564
1.789	0.337312
1.79	0.33706
1.791	0.336809
1.792	0.336558
1.793	0.336307
1.794	0.336056
1.795	0.335805
1.796	0.335554
1.797	0.335304
1.798	0.335054
1.799	0.334804
1.8	0.334555
1.801	0.334305
1.802	0.334056
1.803	0.333807
1.804	0.333558
1.805	0.33331
1.806	0.333061
1.807	0.332813
1.808	0.332565
1.809	0.332317
1.81	0.33207
1.811	0.331823
1.812	0.331575
1.813	0.331329
1.814	0.331082
1.815	0.330835
1.816	0.330589
1.817	0.330343
1.818	0.330097
1.819	0.329851
1.82	0.329606
1.821	0.329361
1.822	0.329115
1.823	0.328871
1.824	0.328626
1.825	0.328381
1.826	0.328137
1.827	0.327893
1.828	0.327649
1.829	0.327406
1.83	0.327162
1.831	0.326919
1.832	0.326676
1.833	0.326433
1.834	0.326191
1.835	0.325948
1.836	0.325706
1.837	0.325464
1.838	0.325222
1.839	0.32498
1.84	0.324739
1.841	0.324498
1.842	0.324257
1.843	0.324016
1.844	0.323775
1.845	0.323535
1.846	0.323295
1.847	0.323055
1.848	0.322815
1.849	0.322575
1.85	0.322336
1.851	0.322097
1.852	0.321858
1.853	0.321619
1.854	0.32138
1.855	0.321142
1.856	0.320903
1.857	0.320665
1.858	0.320428
1.859	0.32019
1.86	0.319953
1.861	0.319715
1.862	0.319478
1.863	0.319241
1.864	0.319005
1.865	0.318768
1.866	0.318532
1.867	0.318296
1.868	0.31806
1.869	0.317824
1.87	0.317589
1.871	0.317354
1.872	0.317119
1.873	0.316884
1.874	0.316649
1.875	0.316415
1.876	0.31618
1.877	0.315946
1.878	0.315712
1.879	0.315479
1.88	0.315245
1.881	0.315012
1.882	0.314779
1.883	0.314546
1.884	0.314313
1.885	0.31408
1.886	0.313848
1.887	0.313616
1.888	0.313384
1.889	0.313152
1.89	0.31292
1.891	0.312689
1.892	0.312458
1.893	0.312227
1.894	0.311996
1.895	0.311765
1.896	0.311535
1.897	0.311305
1.898	0.311075
1.899	0.310845
1.9	0.310615
1.901	0.310385
1.902	0.310156
1.903	0.309927
1.904	0.309698
1.905	0.309469
1.906	0.309241
1.907	0.309012
1.908	0.308784
1.909	0.308556
1.91	0.308328
1.911	0.308101
1.912	0.307873
1.913	0.307646
1.914	0.307419
1.915	0.307192
1.916	0.306966
1.917	0.306739
1.918	0.306513
1.919	0.306287
1.92	0.306061
1.921	0.305835
1.922	0.30561
1.923	0.305384
1.924	0.305159
1.925	0.304934
1.926	0.304709
1.927	0.304485
1.928	0.30426
1.929	0.304036
1.93	0.303812
1.931	0.303588
1.932	0.303364
1.933	0.303141
1.934	0.302917
1.935	0.302694
1.936	0.302471
1.937	0.302248
1.938	0.302026
1.939	0.301803
1.94	0.301581
1.941	0.301359
1.942	0.301137
1.943	0.300916
1.944	0.300694
1.945	0.300473
1.946	0.300252
1.947	0.300031
1.948	0.29981
1.949	0.299589
1.95	0.299369
1.951	0.299149
1.952	0.298929
1.953	0.298709
1.954	0.298489
1.955	0.298269
1.956	0.29805
1.957	0.297831
1.958	0.297612
1.959	0.297393
1.96	0.297175
1.961	0.296956
1.962	0.296738
1.963	0.29652
1.964	0.296302
1.965	0.296084
1.966	0.295867
1.967	0.295649
1.968	0.295432
1.969	0.295215
1.97	0.294998
1.971	0.294782
1.972	0.294565
1.973	0.294349
1.974	0.294133
1.975	0.293917
1.976	0.293701
1.977	0.293485
1.978	0.29327
1.979	0.293055
1.98	0.29284
1.981	0.292625
1.982	0.29241
1.983	0.292195
1.984	0.291981
1.985	0.291767
1.986	0.291553
1.987	0.291339
1.988	0.291125
1.989	0.290912
1.99	0.290699
1.991	0.290485
1.992	0.290272
1.993	0.29006
1.994	0.289847
1.995	0.289635
1.996	0.289422
1.997	0.28921
1.998	0.288998
1.999	0.288786
2	0.288575
2.001	0.288363
2.002	0.288152
2.003	0.287941
2.004	0.28773
2.005	0.287519
2.006	0.287309
2.007	0.287099
2.008	0.286888
2.009	0.286678
2.01	0.286468
2.011	0.286259
2.012	0.286049
2.013	0.28584
2.014	0.285631
2.015	0.285422
2.016	0.285213
2.017	0.285004
2.018	0.284795
2.019	0.284587
2.02	0.284379
2.021	0.284171
2.022	0.283963
2.023	0.283755
2.024	0.283548
2.025	0.283341
2.026	0.283133
2.027	0.282926
2.028	0.28272
2.029	0.282513
2.03	0.282306
2.031	0.2821
2.032	0.281894
2.033	0.281688
2.034	0.281482
2.035	0.281276
2.036	0.281071
2.037	0.280865
2.038	0.28066
2.039	0.280455
2.04	0.28025
2.041	0.280046
2.042	0.279841
2.043	0.279637
2.044	0.279433
2.045	0.279229
2.046	0.279025
2.047	0.278821
2.048	0.278618
2.049	0.278414
2.05	0.278211
2.051	0.278008
2.052	0.277805
2.053	0.277603
2.054	0.2774
2.055	0.277198
2.056	0.276995
2.057	0.276793
2.058	0.276591
2.059	0.27639
2.06	0.276188
2.061	0.275987
2.062	0.275786
2.063	0.275584
2.064	0.275384
2.065	0.275183
2.066	0.274982
2.067	0.274782
2.068	0.274582
2.069	0.274381
2.07	0.274181
2.071	0.273982
2.072	0.273782
2.073	0.273583
2.074	0.273383
2.075	0.273184
2.076	0.272985
2.077	0.272786
2.078	0.272588
2.079	0.272389
2.08	0.272191
2.081	0.271993
2.082	0.271795
2.083	0.271597
2.084	0.271399
2.085	0.271201
2.086	0.271004
2.087	0.270807
2.088	0.27061
2.089	0.270413
2.09	0.270216
2.091	0.270019
2.092	0.269823
2.093	0.269627
2.094	0.26943
2.095	0.269234
2.096	0.269039
2.097	0.268843
2.098	0.268647
2.099	0.268452
2.1	0.268257
2.101	0.268062
2.102	0.267867
2.103	0.267672
2.104	0.267478
2.105	0.267283
2.106	0.267089
2.107	0.266895
2.108	0.266701
2.109	0.266507
2.11	0.266313
2.111	0.26612
2.112	0.265927
2.113	0.265733
2.114	0.26554
2.115	0.265347
2.116	0.265155
2.117	0.264962
2.118	0.26477
2.119	0.264577
2.12	0.264385
2.121	0.264193
2.122	0.264002
2.123	0.26381
2.124	0.263618
2.125	0.263427
2.126	0.263236
2.127	0.263045
2.128	0.262854
2.129	0.262663
2.13	0.262473
2.131	0.262282
2.132	0.262092
2.133	0.261902
2.134	0.261712
2.135	0.261522
2.136	0.261332
2.137	0.261143
2.138	0.260953
2.139	0.260764
2.14	0.260575
2.141	0.260386
2.142	0.260197
2.143	0.260008
2.144	0.25982
2.145	0.259632
2.146	0.259443
2.147	0.259255
2.148	0.259067
2.149	0.25888
2.15	0.258692
2.151	0.258505
2.152	0.258317
2.153	0.25813
2.154	0.257943
2.155	0.257756
2.156	0.25757
2.157	0.257383
2.158	0.257197
2.159	0.25701
2.16	0.256824
2.161	0.256638
2.162	0.256452
2.163	0.256267
2.164	0.256081
2.165	0.255896
2.166	0.25571
2.167	0.255525
2.168	0.25534
2.169	0.255156
2.17	0.254971
2.171	0.254786
2.172	0.254602
2.173	0.254418
2.174	0.254234
2.175	0.25405
2.176	0.253866
2.177	0.253682
2.178	0.253499
2.179	0.253315
2.18	0.253132
2.181	0.252949
2.182	0.252766
2.183	0.252583
2.184	0.252401
2.185	0.252218
2.186	0.252036
2.187	0.251854
2.188	0.251672
2.189	0.25149
2.19	0.251308
2.191	0.251126
2.192	0.250945
2.193	0.250763
2.194	0.250582
2.195	0.250401
2.196	0.25022
2.197	0.250039
2.198	0.249859
2.199	0.249678
2.2	0.249498
2.201	0.249317
2.202	0.249137
2.203	0.248957
2.204	0.248778
2.205	0.248598
2.206	0.248418
2.207	0.248239
2.208	0.24806
2.209	0.247881
2.21	0.247702
2.211	0.247523
2.212	0.247344
2.213	0.247166
2.214	0.246987
2.215	0.246809
2.216	0.246631
2.217	0.246453
2.218	0.246275
2.219	0.246097
2.22	0.245919
2.221	0.245742
2.222	0.245565
2.223	0.245388
2.224	0.245211
2.225	0.245034
2.226	0.244857
2.227	0.24468
2.228	0.244504
2.229	0.244327
2.23	0.244151
2.231	0.243975
2.232	0.243799
2.233	0.243623
2.234	0.243448
2.235	0.243272
2.236	0.243097
2.237	0.242922
2.238	0.242746
2.239	0.242571
2.24	0.242397
2.241	0.242222
2.242	0.242047
2.243	0.241873
2.244	0.241698
2.245	0.241524
2.246	0.24135
2.247	0.241176
2.248	0.241003
2.249	0.240829
2.25	0.240655
2.251	0.240482
2.252	0.240309
2.253	0.240136
2.254	0.239963
2.255	0.23979
2.256	0.239617
2.257	0.239445
2.258	0.239272
2.259	0.2391
2.26	0.238928
2.261	0.238756
2.262	0.238584
2.263	0.238412
2.264	0.23824
2.265	0.238069
2.266	0.237897
2.267	0.237726
2.268	0.237555
2.269	0.237384
2.27	0.237213
2.271	0.237043
2.272	0.236872
2.273	0.236701
2.274	0.236531
2.275	0.236361
2.276	0.236191
2.277	0.236021
2.278	0.235851
2.279	0.235681
2.28	0.235512
2.281	0.235343
2.282	0.235173
2.283	0.235004
2.284	0.234835
2.285	0.234666
2.286	0.234497
2.287	0.234329
2.288	0.23416
2.289	0.233992
2.29	0.233824
2.291	0.233655
2.292	0.233488
2.293	0.23332
2.294	0.233152
2.295	0.232984
2.296	0.232817
2.297	0.232649
2.298	0.232482
2.299	0.232315
2.3	0.232148
2.301	0.231981
2.302	0.231815
2.303	0.231648
2.304	0.231482
2.305	0.231315
2.306	0.231149
2.307	0.230983
2.308	0.230817
2.309	0.230651
2.31	0.230485
2.311	0.23032
2.312	0.230154
2.313	0.229989
2.314	0.229824
2.315	0.229659
2.316	0.229494
2.317	0.229329
2.318	0.229164
2.319	0.229
2.32	0.228835
2.321	0.228671
2.322	0.228507
2.323	0.228343
2.324	0.228179
2.325	0.228015
2.326	0.227851
2.327	0.227688
2.328	0.227524
2.329	0.227361
2.33	0.227198
2.331	0.227035
2.332	0.226872
2.333	0.226709
2.334	0.226546
2.335	0.226384
2.336	0.226221
2.337	0.226059
2.338	0.225897
2.339	0.225734
2.34	0.225572
2.341	0.225411
2.342	0.225249
2.343	0.225087
2.344	0.224926
2.345	0.224764
2.346	0.224603
2.347	0.224442
2.348	0.224281
2.349	0.22412
2.35	0.223959
2.351	0.223799
2.352	0.223638
2.353	0.223478
2.354	0.223318
2.355	0.223157
2.356	0.222997
2.357	0.222838
2.358	0.222678
2.359	0.222518
2.36	0.222359
2.361	0.222199
2.362	0.22204
2.363	0.221881
2.364	0.221722
2.365	0.221563
2.366	0.221404
2.367	0.221245
2.368	0.221086
2.369	0.220928
2.37	0.22077
2.371	0.220611
2.372	0.220453
2.373	0.220295
2.374	0.220137
2.375	0.21998
2.376	0.219822
2.377	0.219664
2.378	0.219507
2.379	0.21935
2.38	0.219193
2.381	0.219036
2.382	0.218879
2.383	0.218722
2.384	0.218565
2.385	0.218409
2.386	0.218252
2.387	0.218096
2.388	0.217939
2.389	0.217783
2.39	0.217627
2.391	0.217471
2.392	0.217316
2.393	0.21716
2.394	0.217005
2.395	0.216849
2.396	0.216694
2.397	0.216539
2.398	0.216384
2.399	0.216229
2.4	0.216074
2.401	0.215919
2.402	0.215764
2.403	0.21561
2.404	0.215456
2.405	0.215301
2.406	0.215147
2.407	0.214993
2.408	0.214839
2.409	0.214685
2.41	0.214532
2.411	0.214378
2.412	0.214225
2.413	0.214071
2.414	0.213918
2.415	0.213765
2.416	0.213612
2.417	0.213459
2.418	0.213306
2.419	0.213154
2.42	0.213001
2.421	0.212849
2.422	0.212696
2.423	0.212544
2.424	0.212392
2.425	0.21224
2.426	0.212088
2.427	0.211936
2.428	0.211785
2.429	0.211633
2.43	0.211482
2.431	0.21133
2.432	0.211179
2.433	0.211028
2.434	0.210877
2.435	0.210726
2.436	0.210575
2.437	0.210425
2.438	0.210274
2.439	0.210124
2.44	0.209973
2.441	0.209823
2.442	0.209673
2.443	0.209523
2.444	0.209373
2.445	0.209224
2.446	0.209074
2.447	0.208924
2.448	0.208775
2.449	0.208626
2.45	0.208476
2.451	0.208327
2.452	0.208178
2.453	0.208029
2.454	0.207881
2.455	0.207732
2.456	0.207583
2.457	0.207435
2.458	0.207287
2.459	0.207138
2.46	0.20699
2.461	0.206842
2.462	0.206694
2.463	0.206546
2.464	0.206399
2.465	0.206251
2.466	0.206104
2.467	0.205956
2.468	0.205809
2.469	0.205662
2.47	0.205515
2.471	0.205368
2.472	0.205221
2.473	0.205074
2.474	0.204928
2.475	0.204781
2.476	0.204635
2.477	0.204489
2.478	0.204342
2.479	0.204196
2.48	0.20405
2.481	0.203905
2.482	0.203759
2.483	0.203613
2.484	0.203468
2.485	0.203322
2.486	0.203177
2.487	0.203032
2.488	0.202886
2.489	0.202741
2.49	0.202597
2.491	0.202452
2.492	0.202307
2.493	0.202162
2.494	0.202018
2.495	0.201874
2.496	0.201729
2.497	0.201585
2.498	0.201441
2.499	0.201297
2.5	0.201153
2.501	0.201009
2.502	0.200866
2.503	0.200722
2.504	0.200579
2.505	0.200436
2.506	0.200292
2.507	0.200149
2.508	0.200006
2.509	0.199863
2.51	0.19972
2.511	0.199578
2.512	0.199435
2.513	0.199293
2.514	0.19915
2.515	0.199008
2.516	0.198866
2.517	0.198724
2.518	0.198582
2.519	0.19844
2.52	0.198298
2.521	0.198156
2.522	0.198015
2.523	0.197873
2.524	0.197732
2.525	0.19759
2.526	0.197449
2.527	0.197308
2.528	0.197167
2.529	0.197026
2.53	0.196886
2.531	0.196745
2.532	0.196604
2.533	0.196464
2.534	0.196323
2.535	0.196183
2.536	0.196043
2.537	0.195903
2.538	0.195763
2.539	0.195623
2.54	0.195483
2.541	0.195344
2.542	0.195204
2.543	0.195065
2.544	0.194925
2.545	0.194786
2.546	0.194647
2.547	0.194508
2.548	0.194369
2.549	0.19423
2.55	0.194091
2.551	0.193953
2.552	0.193814
2.553	0.193676
2.554	0.193537
2.555	0.193399
2.556	0.193261
2.557	0.193123
2.558	0.192985
2.559	0.192847
2.56	0.192709
2.561	0.192571
2.562	0.192434
2.563	0.192296
2.564	0.192159
2.565	0.192022
2.566	0.191885
2.567	0.191747
2.568	0.19161
2.569	0.191474
2.57	0.191337
2.571	0.1912
2.572	0.191064
2.573	0.190927
2.574	0.190791
2.575	0.190654
2.576	0.190518
2.577	0.190382
2.578	0.190246
2.579	0.19011
2.58	0.189974
2.581	0.189839
2.582	0.189703
2.583	0.189567
2.584	0.189432
2.585	0.189297
2.586	0.189161
2.587	0.189026
2.588	0.188891
2.589	0.188756
2.59	0.188621
2.591	0.188487
2.592	0.188352
2.593	0.188217
2.594	0.188083
2.595	0.187948
2.596	0.187814
2.597	0.18768
2.598	0.187546
2.599	0.187412
2.6	0.187278
2.601	0.187144
2.602	0.18701
2.603	0.186877
2.604	0.186743
2.605	0.18661
2.606	0.186477
2.607	0.186343
2.608	0.18621
2.609	0.186077
2.61	0.185944
2.611	0.185811
2.612	0.185678
2.613	0.185546
2.614	0.185413
2.615	0.185281
2.616	0.185148
2.617	0.185016
2.618	0.184884
2.619	0.184752
2.62	0.18462
2.621	0.184488
2.622	0.184356
2.623	0.184224
2.624	0.184092
2.625	0.183961
2.626	0.183829
2.627	0.183698
2.628	0.183567
2.629	0.183436
2.63	0.183304
2.631	0.183173
2.632	0.183042
2.633	0.182912
2.634	0.182781
2.635	0.18265
2.636	0.18252
2.637	0.182389
2.638	0.182259
2.639	0.182129
2.64	0.181998
2.641	0.181868
2.642	0.181738
2.643	0.181608
2.644	0.181479
2.645	0.181349
2.646	0.181219
2.647	0.18109
2.648	0.18096
2.649	0.180831
2.65	0.180702
2.651	0.180572
2.652	0.180443
2.653	0.180314
2.654	0.180185
2.655	0.180056
2.656	0.179928
2.657	0.179799
2.658	0.179671
2.659	0.179542
2.66	0.179414
2.661	0.179285
2.662	0.179157
2.663	0.179029
2.664	0.178901
2.665	0.178773
2.666	0.178645
2.667	0.178517
2.668	0.17839
2.669	0.178262
2.67	0.178135
2.671	0.178007
2.672	0.17788
2.673	0.177753
2.674	0.177626
2.675	0.177499
2.676	0.177372
2.677	0.177245
2.678	0.177118
2.679	0.176991
2.68	0.176865
2.681	0.176738
2.682	0.176612
2.683	0.176485
2.684	0.176359
2.685	0.176233
2.686	0.176107
2.687	0.175981
2.688	0.175855
2.689	0.175729
2.69	0.175603
2.691	0.175478
2.692	0.175352
2.693	0.175227
2.694	0.175101
2.695	0.174976
2.696	0.174851
2.697	0.174726
2.698	0.174601
2.699	0.174476
2.7	0.174351
2.701	0.174226
2.702	0.174101
2.703	0.173977
2.704	0.173852
2.705	0.173728
2.706	0.173603
2.707	0.173479
2.708	0.173355
2.709	0.173231
2.71	0.173107
2.711	0.172983
2.712	0.172859
2.713	0.172735
2.714	0.172612
2.715	0.172488
2.716	0.172364
2.717	0.172241
2.718	0.172118
2.719	0.171994
2.72	0.171871
2.721	0.171748
2.722	0.171625
2.723	0.171502
2.724	0.171379
2.725	0.171257
2.726	0.171134
2.727	0.171011
2.728	0.170889
2.729	0.170767
2.73	0.170644
2.731	0.170522
2.732	0.1704
2.733	0.170278
2.734	0.170156
2.735	0.170034
2.736	0.169912
2.737	0.16979
2.738	0.169669
2.739	0.169547
2.74	0.169426
2.741	0.169304
2.742	0.169183
2.743	0.169062
2.744	0.16894
2.745	0.168819
2.746	0.168698
2.747	0.168577
2.748	0.168457
2.749	0.168336
2.75	0.168215
2.751	0.168095
2.752	0.167974
2.753	0.167854
2.754	0.167733
2.755	0.167613
2.756	0.167493
2.757	0.167373
2.758	0.167253
2.759	0.167133
2.76	0.167013
2.761	0.166893
2.762	0.166773
2.763	0.166654
2.764	0.166534
2.765	0.166415
2.766	0.166295
2.767	0.166176
2.768	0.166057
2.769	0.165938
2.77	0.165819
2.771	0.1657
2.772	0.165581
2.773	0.165462
2.774	0.165343
2.775	0.165225
2.776	0.165106
2.777	0.164988
2.778	0.164869
2.779	0.164751
2.78	0.164633
2.781	0.164515
2.782	0.164397
2.783	0.164279
2.784	0.164161
2.785	0.164043
2.786	0.163925
2.787	0.163807
2.788	0.16369
2.789	0.163572
2.79	0.163455
2.791	0.163337
2.792	0.16322
2.793	0.163103
2.794	0.162986
2.795	0.162869
2.796	0.162752
2.797	0.162635
2.798	0.162518
2.799	0.162401
2.8	0.162285
2.801	0.162168
2.802	0.162052
2.803	0.161935
2.804	0.161819
2.805	0.161702
2.806	0.161586
2.807	0.16147
2.808	0.161354
2.809	0.161238
2.81	0.161122
2.811	0.161006
2.812	0.160891
2.813	0.160775
2.814	0.16066
2.815	0.160544
2.816	0.160429
2.817	0.160313
2.818	0.160198
2.819	0.160083
2.82	0.159968
2.821	0.159853
2.822	0.159738
2.823	0.159623
2.824	0.159508
2.825	0.159393
2.826	0.159279
2.827	0.159164
2.828	0.15905
2.829	0.158935
2.83	0.158821
2.831	0.158707
2.832	0.158592
2.833	0.158478
2.834	0.158364
2.835	0.15825
2.836	0.158136
2.837	0.158023
2.838	0.157909
2.839	0.157795
2.84	0.157682
2.841	0.157568
2.842	0.157455
2.843	0.157341
2.844	0.157228
2.845	0.157115
2.846	0.157002
2.847	0.156889
2.848	0.156776
2.849	0.156663
2.85	0.15655
2.851	0.156437
2.852	0.156324
2.853	0.156212
2.854	0.156099
2.855	0.155987
2.856	0.155874
2.857	0.155762
2.858	0.15565
2.859	0.155538
2.86	0.155426
2.861	0.155314
2.862	0.155202
2.863	0.15509
2.864	0.154978
2.865	0.154866
2.866	0.154755
2.867	0.154643
2.868	0.154531
2.869	0.15442
2.87	0.154309
2.871	0.154197
2.872	0.154086
2.873	0.153975
2.874	0.153864
2.875	0.153753
2.876	0.153642
2.877	0.153531
2.878	0.15342
2.879	0.15331
2.88	0.153199
2.881	0.153089
2.882	0.152978
2.883	0.152868
2.884	0.152757
2.885	0.152647
2.886	0.152537
2.887	0.152427
2.888	0.152317
2.889	0.152207
2.89	0.152097
2.891	0.151987
2.892	0.151877
2.893	0.151768
2.894	0.151658
2.895	0.151548
2.896	0.151439
2.897	0.15133
2.898	0.15122
2.899	0.151111
2.9	0.151002
2.901	0.150893
2.902	0.150784
2.903	0.150675
2.904	0.150566
2.905	0.150457
2.906	0.150348
2.907	0.15024
2.908	0.150131
2.909	0.150022
2.91	0.149914
2.911	0.149805
2.912	0.149697
2.913	0.149589
2.914	0.149481
2.915	0.149373
2.916	0.149265
2.917	0.149157
2.918	0.149049
2.919	0.148941
2.92	0.148833
2.921	0.148725
2.922	0.148618
2.923	0.14851
2.924	0.148403
2.925	0.148295
2.926	0.148188
2.927	0.148081
2.928	0.147973
2.929	0.147866
2.93	0.147759
2.931	0.147652
2.932	0.147545
2.933	0.147438
2.934	0.147332
2.935	0.147225
2.936	0.147118
2.937	0.147012
2.938	0.146905
2.939	0.146799
2.94	0.146692
2.941	0.146586
2.942	0.14648
2.943	0.146374
2.944	0.146267
2.945	0.146161
2.946	0.146055
2.947	0.14595
2.948	0.145844
2.949	0.145738
2.95	0.145632
2.951	0.145527
2.952	0.145421
2.953	0.145316
2.954	0.14521
2.955	0.145105
2.956	0.144999
2.957	0.144894
2.958	0.144789
2.959	0.144684
2.96	0.144579
2.961	0.144474
2.962	0.144369
2.963	0.144264
2.964	0.14416
2.965	0.144055
2.966	0.14395
2.967	0.143846
2.968	0.143741
2.969	0.143637
2.97	0.143533
2.971	0.143428
2.972	0.143324
2.973	0.14322
2.974	0.143116
2.975	0.143012
2.976	0.142908
2.977	0.142804
2.978	0.1427
2.979	0.142596
2.98	0.142493
2.981	0.142389
2.982	0.142286
2.983	0.142182
2.984	0.142079
2.985	0.141975
2.986	0.141872
2.987	0.141769
2.988	0.141666
2.989	0.141563
2.99	0.14146
2.991	0.141357
2.992	0.141254
2.993	0.141151
2.994	0.141048
2.995	0.140945
2.996	0.140843
2.997	0.14074
2.998	0.140638
2.999	0.140535
3	0.140433
3.001	0.140331
3.002	0.140228
3.003	0.140126
3.004	0.140024
3.005	0.139922
3.006	0.13982
3.007	0.139718
3.008	0.139616
3.009	0.139515
3.01	0.139413
3.011	0.139311
3.012	0.13921
3.013	0.139108
3.014	0.139007
3.015	0.138905
3.016	0.138804
3.017	0.138703
3.018	0.138602
3.019	0.1385
3.02	0.138399
3.021	0.138298
3.022	0.138197
3.023	0.138096
3.024	0.137996
3.025	0.137895
3.026	0.137794
3.027	0.137694
3.028	0.137593
3.029	0.137493
3.03	0.137392
3.031	0.137292
3.032	0.137191
3.033	0.137091
3.034	0.136991
3.035	0.136891
3.036	0.136791
3.037	0.136691
3.038	0.136591
3.039	0.136491
3.04	0.136391
3.041	0.136291
3.042	0.136192
3.043	0.136092
3.044	0.135993
3.045	0.135893
3.046	0.135794
3.047	0.135694
3.048	0.135595
3.049	0.135496
3.05	0.135397
3.051	0.135298
3.052	0.135198
3.053	0.135099
3.054	0.135001
3.055	0.134902
3.056	0.134803
3.057	0.134704
3.058	0.134605
3.059	0.134507
3.06	0.134408
3.061	0.13431
3.062	0.134211
3.063	0.134113
3.064	0.134015
3.065	0.133916
3.066	0.133818
3.067	0.13372
3.068	0.133622
3.069	0.133524
3.07	0.133426
3.071	0.133328
3.072	0.13323
3.073	0.133133
3.074	0.133035
3.075	0.132937
3.076	0.13284
3.077	0.132742
3.078	0.132645
3.079	0.132547
3.08	0.13245
3.081	0.132353
3.082	0.132256
3.083	0.132158
3.084	0.132061
3.085	0.131964
3.086	0.131867
3.087	0.13177
3.088	0.131673
3.089	0.131577
3.09	0.13148
3.091	0.131383
3.092	0.131287
3.093	0.13119
3.094	0.131094
3.095	0.130997
3.096	0.130901
3.097	0.130805
3.098	0.130708
3.099	0.130612
3.1	0.130516
3.101	0.13042
3.102	0.130324
3.103	0.130228
3.104	0.130132
3.105	0.130036
3.106	0.12994
3.107	0.129845
3.108	0.129749
3.109	0.129653
3.11	0.129558
3.111	0.129462
3.112	0.129367
3.113	0.129272
3.114	0.129176
3.115	0.129081
3.116	0.128986
3.117	0.128891
3.118	0.128796
3.119	0.128701
3.12	0.128606
3.121	0.128511
3.122	0.128416
3.123	0.128321
3.124	0.128227
3.125	0.128132
3.126	0.128037
3.127	0.127943
3.128	0.127848
3.129	0.127754
3.13	0.127659
3.131	0.127565
3.132	0.127471
3.133	0.127377
3.134	0.127283
3.135	0.127189
3.136	0.127095
3.137	0.127001
3.138	0.126907
3.139	0.126813
3.14	0.126719
3.141	0.126625
3.142	0.126532
3.143	0.126438
3.144	0.126344
3.145	0.126251
3.146	0.126157
3.147	0.126064
3.148	0.125971
3.149	0.125877
3.15	0.125784
3.151	0.125691
3.152	0.125598
3.153	0.125505
3.154	0.125412
3.155	0.125319
3.156	0.125226
3.157	0.125133
3.158	0.125041
3.159	0.124948
3.16	0.124855
3.161	0.124763
3.162	0.12467
3.163	0.124578
3.164	0.124485
3.165	0.124393
3.166	0.124301
3.167	0.124208
3.168	0.124116
3.169	0.124024
3.17	0.123932
3.171	0.12384
3.172	0.123748
3.173	0.123656
3.174	0.123564
3.175	0.123472
3.176	0.123381
3.177	0.123289
3.178	0.123197
3.179	0.123106
3.18	0.123014
3.181	0.122923
3.182	0.122831
3.183	0.12274
3.184	0.122649
3.185	0.122557
3.186	0.122466
3.187	0.122375
3.188	0.122284
3.189	0.122193
3.19	0.122102
3.191	0.122011
3.192	0.12192
3.193	0.121829
3.194	0.121738
3.195	0.121648
3.196	0.121557
3.197	0.121467
3.198	0.121376
3.199	0.121286
3.2	0.121195
3.201	0.121105
3.202	0.121014
3.203	0.120924
3.204	0.120834
3.205	0.120744
3.206	0.120654
3.207	0.120564
3.208	0.120474
3.209	0.120384
3.21	0.120294
3.211	0.120204
3.212	0.120114
3.213	0.120025
3.214	0.119935
3.215	0.119845
3.216	0.119756
3.217	0.119666
3.218	0.119577
3.219	0.119487
3.22	0.119398
3.221	0.119309
3.222	0.119219
3.223	0.11913
3.224	0.119041
3.225	0.118952
3.226	0.118863
3.227	0.118774
3.228	0.118685
3.229	0.118596
3.23	0.118508
3.231	0.118419
3.232	0.11833
3.233	0.118241
3.234	0.118153
3.235	0.118064
3.236	0.117976
3.237	0.117887
3.238	0.117799
3.239	0.117711
3.24	0.117622
3.241	0.117534
3.242	0.117446
3.243	0.117358
3.244	0.11727
3.245	0.117182
3.246	0.117094
3.247	0.117006
3.248	0.116918
3.249	0.11683
3.25	0.116742
3.251	0.116655
3.252	0.116567
3.253	0.11648
3.254	0.116392
3.255	0.116304
3.256	0.116217
3.257	0.11613
3.258	0.116042
3.259	0.115955
3.26	0.115868
3.261	0.115781
3.262	0.115693
3.263	0.115606
3.264	0.115519
3.265	0.115432
3.266	0.115345
3.267	0.115259
3.268	0.115172
3.269	0.115085
3.27	0.114998
3.271	0.114912
3.272	0.114825
3.273	0.114738
3.274	0.114652
3.275	0.114566
3.276	0.114479
3.277	0.114393
3.278	0.114306
3.279	0.11422
3.28	0.114134
3.281	0.114048
3.282	0.113962
3.283	0.113876
3.284	0.11379
3.285	0.113704
3.286	0.113618
3.287	0.113532
3.288	0.113446
3.289	0.11336
3.29	0.113275
3.291	0.113189
3.292	0.113104
3.293	0.113018
3.294	0.112932
3.295	0.112847
3.296	0.112762
3.297	0.112676
3.298	0.112591
3.299	0.112506
3.3	0.112421
3.301	0.112335
3.302	0.11225
3.303	0.112165
3.304	0.11208
3.305	0.111995
3.306	0.11191
3.307	0.111826
3.308	0.111741
3.309	0.111656
3.31	0.111571
3.311	0.111487
3.312	0.111402
3.313	0.111318
3.314	0.111233
3.315	0.111149
3.316	0.111064
3.317	0.11098
3.318	0.110896
3.319	0.110811
3.32	0.110727
3.321	0.110643
3.322	0.110559
3.323	0.110475
3.324	0.110391
3.325	0.110307
3.326	0.110223
3.327	0.110139
3.328	0.110055
3.329	0.109972
3.33	0.109888
3.331	0.109804
3.332	0.109721
3.333	0.109637
3.334	0.109554
3.335	0.10947
3.336	0.109387
3.337	0.109303
3.338	0.10922
3.339	0.109137
3.34	0.109054
3.341	0.10897
3.342	0.108887
3.343	0.108804
3.344	0.108721
3.345	0.108638
3.346	0.108555
3.347	0.108472
3.348	0.108389
3.349	0.108307
3.35	0.108224
3.351	0.108141
3.352	0.108059
3.353	0.107976
3.354	0.107893
3.355	0.107811
3.356	0.107729
3.357	0.107646
3.358	0.107564
3.359	0.107481
3.36	0.107399
3.361	0.107317
3.362	0.107235
3.363	0.107153
3.364	0.107071
3.365	0.106989
3.366	0.106907
3.367	0.106825
3.368	0.106743
3.369	0.106661
3.37	0.106579
3.371	0.106498
3.372	0.106416
3.373	0.106334
3.374	0.106253
3.375	0.106171
3.376	0.10609
3.377	0.106008
3.378	0.105927
3.379	0.105845
3.38	0.105764
3.381	0.105683
3.382	0.105602
3.383	0.10552
3.384	0.105439
3.385	0.105358
3.386	0.105277
3.387	0.105196
3.388	0.105115
3.389	0.105034
3.39	0.104953
3.391	0.104873
3.392	0.104792
3.393	0.104711
3.394	0.104631
3.395	0.10455
3.396	0.104469
3.397	0.104389
3.398	0.104308
3.399	0.104228
3.4	0.104148
3.401	0.104067
3.402	0.103987
3.403	0.103907
3.404	0.103826
3.405	0.103746
3.406	0.103666
3.407	0.103586
3.408	0.103506
3.409	0.103426
3.41	0.103346
3.411	0.103266
3.412	0.103186
3.413	0.103107
3.414	0.103027
3.415	0.102947
3.416	0.102868
3.417	0.102788
3.418	0.102708
3.419	0.102629
3.42	0.102549
3.421	0.10247
3.422	0.102391
3.423	0.102311
3.424	0.102232
3.425	0.102153
3.426	0.102074
3.427	0.101994
3.428	0.101915
3.429	0.101836
3.43	0.101757
3.431	0.101678
3.432	0.101599
3.433	0.10152
3.434	0.101442
3.435	0.101363
3.436	0.101284
3.437	0.101205
3.438	0.101127
3.439	0.101048
3.44	0.10097
3.441	0.100891
3.442	0.100813
3.443	0.100734
3.444	0.100656
3.445	0.100577
3.446	0.100499
3.447	0.100421
3.448	0.100343
3.449	0.100264
3.45	0.100186
3.451	0.100108
3.452	0.10003
3.453	0.0999522
3.454	0.0998743
3.455	0.0997964
3.456	0.0997185
3.457	0.0996407
3.458	0.0995629
3.459	0.0994852
3.46	0.0994075
3.461	0.0993298
3.462	0.0992523
3.463	0.0991747
3.464	0.0990972
3.465	0.0990197
3.466	0.0989423
3.467	0.0988649
3.468	0.0987876
3.469	0.0987103
3.47	0.0986331
3.471	0.0985558
3.472	0.0984787
3.473	0.0984016
3.474	0.0983245
3.475	0.0982475
3.476	0.0981705
3.477	0.0980935
3.478	0.0980166
3.479	0.0979398
3.48	0.097863
3.481	0.0977862
3.482	0.0977095
3.483	0.0976328
3.484	0.0975561
3.485	0.0974795
3.486	0.097403
3.487	0.0973265
3.488	0.09725
3.489	0.0971736
3.49	0.0970972
3.491	0.0970209
3.492	0.0969446
3.493	0.0968683
3.494	0.0967921
3.495	0.0967159
3.496	0.0966398
3.497	0.0965637
3.498	0.0964877
3.499	0.0964117
3.5	0.0963357
3.501	0.0962598
3.502	0.0961839
3.503	0.0961081
3.504	0.0960323
3.505	0.0959566
3.506	0.0958809
3.507	0.0958052
3.508	0.0957296
3.509	0.095654
3.51	0.0955785
3.511	0.095503
3.512	0.0954275
3.513	0.0953521
3.514	0.0952768
3.515	0.0952014
3.516	0.0951262
3.517	0.0950509
3.518	0.0949757
3.519	0.0949006
3.52	0.0948254
3.521	0.0947504
3.522	0.0946753
3.523	0.0946004
3.524	0.0945254
3.525	0.0944505
3.526	0.0943756
3.527	0.0943008
3.528	0.094226
3.529	0.0941513
3.53	0.0940766
3.531	0.0940019
3.532	0.0939273
3.533	0.0938528
3.534	0.0937782
3.535	0.0937037
3.536	0.0936293
3.537	0.0935549
3.538	0.0934805
3.539	0.0934062
3.54	0.0933319
3.541	0.0932576
3.542	0.0931834
3.543	0.0931093
3.544	0.0930352
3.545	0.0929611
3.546	0.092887
3.547	0.092813
3.548	0.0927391
3.549	0.0926652
3.55	0.0925913
3.551	0.0925175
3.552	0.0924437
3.553	0.0923699
3.554	0.0922962
3.555	0.0922225
3.556	0.0921489
3.557	0.0920753
3.558	0.0920018
3.559	0.0919283
3.56	0.0918548
3.561	0.0917814
3.562	0.091708
3.563	0.0916346
3.564	0.0915613
3.565	0.091488
3.566	0.0914148
3.567	0.0913416
3.568	0.0912685
3.569	0.0911954
3.57	0.0911223
3.571	0.0910493
3.572	0.0909763
3.573	0.0909034
3.574	0.0908305
3.575	0.0907576
3.576	0.0906848
3.577	0.090612
3.578	0.0905392
3.579	0.0904665
3.58	0.0903939
3.581	0.0903212
3.582	0.0902487
3.583	0.0901761
3.584	0.0901036
3.585	0.0900311
3.586	0.0899587
3.587	0.0898863
3.588	0.089814
3.589	0.0897417
3.59	0.0896694
3.591	0.0895972
3.592	0.089525
3.593	0.0894528
3.594	0.0893807
3.595	0.0893086
3.596	0.0892366
3.597	0.0891646
3.598	0.0890927
3.599	0.0890208
3.6	0.0889489
3.601	0.088877
3.602	0.0888052
3.603	0.0887335
3.604	0.0886618
3.605	0.0885901
3.606	0.0885185
3.607	0.0884469
3.608	0.0883753
3.609	0.0883038
3.61	0.0882323
3.611	0.0881608
3.612	0.0880894
3.613	0.0880181
3.614	0.0879467
3.615	0.0878754
3.616	0.0878042
3.617	0.087733
3.618	0.0876618
3.619	0.0875907
3.62	0.0875196
3.621	0.0874485
3.622	0.0873775
3.623	0.0873065
3.624	0.0872356
3.625	0.0871647
3.626	0.0870938
3.627	0.087023
3.628	0.0869522
3.629	0.0868814
3.63	0.0868107
3.631	0.08674
3.632	0.0866694
3.633	0.0865988
3.634	0.0865283
3.635	0.0864577
3.636	0.0863873
3.637	0.0863168
3.638	0.0862464
3.639	0.086176
3.64	0.0861057
3.641	0.0860354
3.642	0.0859652
3.643	0.0858949
3.644	0.0858248
3.645	0.0857546
3.646	0.0856845
3.647	0.0856144
3.648	0.0855444
3.649	0.0854744
3.65	0.0854045
3.651	0.0853346
3.652	0.0852647
3.653	0.0851948
3.654	0.085125
3.655	0.0850553
3.656	0.0849856
3.657	0.0849159
3.658	0.0848462
3.659	0.0847766
3.66	0.084707
3.661	0.0846375
3.662	0.084568
3.663	0.0844985
3.664	0.0844291
3.665	0.0843597
3.666	0.0842903
3.667	0.084221
3.668	0.0841517
3.669	0.0840825
3.67	0.0840133
3.671	0.0839441
3.672	0.083875
3.673	0.0838059
3.674	0.0837369
3.675	0.0836678
3.676	0.0835989
3.677	0.0835299
3.678	0.083461
3.679	0.0833921
3.68	0.0833233
3.681	0.0832545
3.682	0.0831857
3.683	0.083117
3.684	0.0830483
3.685	0.0829797
3.686	0.0829111
3.687	0.0828425
3.688	0.0827739
3.689	0.0827054
3.69	0.082637
3.691	0.0825685
3.692	0.0825001
3.693	0.0824318
3.694	0.0823635
3.695	0.0822952
3.696	0.0822269
3.697	0.0821587
3.698	0.0820905
3.699	0.0820224
3.7	0.0819543
3.701	0.0818862
3.702	0.0818182
3.703	0.0817502
3.704	0.0816822
3.705	0.0816143
3.706	0.0815464
3.707	0.0814786
3.708	0.0814108
3.709	0.081343
3.71	0.0812752
3.711	0.0812075
3.712	0.0811399
3.713	0.0810722
3.714	0.0810046
3.715	0.0809371
3.716	0.0808695
3.717	0.0808021
3.718	0.0807346
3.719	0.0806672
3.72	0.0805998
3.721	0.0805324
3.722	0.0804651
3.723	0.0803979
3.724	0.0803306
3.725	0.0802634
3.726	0.0801962
3.727	0.0801291
3.728	0.080062
3.729	0.0799949
3.73	0.0799279
3.731	0.0798609
3.732	0.079794
3.733	0.079727
3.734	0.0796602
3.735	0.0795933
3.736	0.0795265
3.737	0.0794597
3.738	0.079393
3.739	0.0793262
3.74	0.0792596
3.741	0.0791929
3.742	0.0791263
3.743	0.0790598
3.744	0.0789932
3.745	0.0789267
3.746	0.0788603
3.747	0.0787938
3.748	0.0787274
3.749	0.0786611
3.75	0.0785947
3.751	0.0785284
3.752	0.0784622
3.753	0.078396
3.754	0.0783298
3.755	0.0782636
3.756	0.0781975
3.757	0.0781314
3.758	0.0780654
3.759	0.0779994
3.76	0.0779334
3.761	0.0778675
3.762	0.0778015
3.763	0.0777357
3.764	0.0776698
3.765	0.077604
3.766	0.0775383
3.767	0.0774725
3.768	0.0774068
3.769	0.0773412
3.77	0.0772755
3.771	0.0772099
3.772	0.0771444
3.773	0.0770788
3.774	0.0770133
3.775	0.0769479
3.776	0.0768824
3.777	0.076817
3.778	0.0767517
3.779	0.0766864
3.78	0.0766211
3.781	0.0765558
3.782	0.0764906
3.783	0.0764254
3.784	0.0763602
3.785	0.0762951
3.786	0.07623
3.787	0.076165
3.788	0.0761
3.789	0.076035
3.79	0.07597
3.791	0.0759051
3.792	0.0758402
3.793	0.0757754
3.794	0.0757106
3.795	0.0756458
3.796	0.075581
3.797	0.0755163
3.798	0.0754516
3.799	0.075387
3.8	0.0753224
3.801	0.0752578
3.802	0.0751933
3.803	0.0751287
3.804	0.0750643
3.805	0.0749998
3.806	0.0749354
3.807	0.074871
3.808	0.0748067
3.809	0.0747424
3.81	0.0746781
3.811	0.0746138
3.812	0.0745496
3.813	0.0744854
3.814	0.0744213
3.815	0.0743572
3.816	0.0742931
3.817	0.0742291
3.818	0.074165
3.819	0.0741011
3.82	0.0740371
3.821	0.0739732
3.822	0.0739093
3.823	0.0738455
3.824	0.0737817
3.825	0.0737179
3.826	0.0736541
3.827	0.0735904
3.828	0.0735267
3.829	0.0734631
3.83	0.0733995
3.831	0.0733359
3.832	0.0732723
3.833	0.0732088
3.834	0.0731453
3.835	0.0730819
3.836	0.0730184
3.837	0.072955
3.838	0.0728917
3.839	0.0728284
3.84	0.0727651
3.841	0.0727018
3.842	0.0726386
3.843	0.0725754
3.844	0.0725122
3.845	0.0724491
3.846	0.072386
3.847	0.0723229
3.848	0.0722599
3.849	0.0721969
3.85	0.072134
3.851	0.072071
3.852	0.0720081
3.853	0.0719452
3.854	0.0718824
3.855	0.0718196
3.856	0.0717568
3.857	0.0716941
3.858	0.0716314
3.859	0.0715687
3.86	0.0715061
3.861	0.0714434
3.862	0.0713809
3.863	0.0713183
3.864	0.0712558
3.865	0.0711933
3.866	0.0711309
3.867	0.0710684
3.868	0.0710061
3.869	0.0709437
3.87	0.0708814
3.871	0.0708191
3.872	0.0707568
3.873	0.0706946
3.874	0.0706324
3.875	0.0705702
3.876	0.0705081
3.877	0.070446
3.878	0.0703839
3.879	0.0703219
3.88	0.0702599
3.881	0.0701979
3.882	0.070136
3.883	0.0700741
3.884	0.0700122
3.885	0.0699503
3.886	0.0698885
3.887	0.0698267
3.888	0.069765
3.889	0.0697032
3.89	0.0696415
3.891	0.0695799
3.892	0.0695183
3.893	0.0694567
3.894	0.0693951
3.895	0.0693336
3.896	0.0692721
3.897	0.0692106
3.898	0.0691491
3.899	0.0690877
3.9	0.0690263
3.901	0.068965
3.902	0.0689037
3.903	0.0688424
3.904	0.0687811
3.905	0.0687199
3.906	0.0686587
3.907	0.0685976
3.908	0.0685364
3.909	0.0684753
3.91	0.0684143
3.911	0.0683532
3.912	0.0682922
3.913	0.0682312
3.914	0.0681703
3.915	0.0681094
3.916	0.0680485
3.917	0.0679876
3.918	0.0679268
3.919	0.067866
3.92	0.0678053
3.921	0.0677445
3.922	0.0676838
3.923	0.0676232
3.924	0.0675625
3.925	0.0675019
3.926	0.0674413
3.927	0.0673808
3.928	0.0673203
3.929	0.0672598
3.93	0.0671993
3.931	0.0671389
3.932	0.0670785
3.933	0.0670182
3.934	0.0669578
3.935	0.0668975
3.936	0.0668373
3.937	0.066777
3.938	0.0667168
3.939	0.0666566
3.94	0.0665965
3.941	0.0665363
3.942	0.0664763
3.943	0.0664162
3.944	0.0663562
3.945	0.0662962
3.946	0.0662362
3.947	0.0661763
3.948	0.0661163
3.949	0.0660565
3.95	0.0659966
3.951	0.0659368
3.952	0.065877
3.953	0.0658172
3.954	0.0657575
3.955	0.0656978
3.956	0.0656381
3.957	0.0655785
3.958	0.0655189
3.959	0.0654593
3.96	0.0653998
3.961	0.0653402
3.962	0.0652807
3.963	0.0652213
3.964	0.0651619
3.965	0.0651024
3.966	0.0650431
3.967	0.0649837
3.968	0.0649244
3.969	0.0648651
3.97	0.0648059
3.971	0.0647467
3.972	0.0646875
3.973	0.0646283
3.974	0.0645692
3.975	0.0645101
3.976	0.064451
3.977	0.0643919
3.978	0.0643329
3.979	0.0642739
3.98	0.064215
3.981	0.064156
3.982	0.0640971
3.983	0.0640383
3.984	0.0639794
3.985	0.0639206
3.986	0.0638618
3.987	0.0638031
3.988	0.0637443
3.989	0.0636856
3.99	0.063627
3.991	0.0635683
3.992	0.0635097
3.993	0.0634512
3.994	0.0633926
3.995	0.0633341
3.996	0.0632756
3.997	0.0632171
3.998	0.0631587
3.999	0.0631003
4	0.0630419
4.001	0.0629836
4.002	0.0629253
4.003	0.062867
4.004	0.0628087
4.005	0.0627505
4.006	0.0626923
4.007	0.0626341
4.008	0.0625759
4.009	0.0625178
4.01	0.0624597
4.011	0.0624017
4.012	0.0623437
4.013	0.0622857
4.014	0.0622277
4.015	0.0621697
4.016	0.0621118
4.017	0.0620539
4.018	0.0619961
4.019	0.0619382
4.02	0.0618804
4.021	0.0618227
4.022	0.0617649
4.023	0.0617072
4.024	0.0616495
4.025	0.0615919
4.026	0.0615342
4.027	0.0614766
4.028	0.0614191
4.029	0.0613615
4.03	0.061304
4.031	0.0612465
4.032	0.061189
4.033	0.0611316
4.034	0.0610742
4.035	0.0610168
4.036	0.0609595
4.037	0.0609022
4.038	0.0608449
4.039	0.0607876
4.04	0.0607304
4.041	0.0606732
4.042	0.060616
4.043	0.0605588
4.044	0.0605017
4.045	0.0604446
4.046	0.0603876
4.047	0.0603305
4.048	0.0602735
4.049	0.0602165
4.05	0.0601596
4.051	0.0601026
4.052	0.0600457
4.053	0.0599889
4.054	0.059932
4.055	0.0598752
4.056	0.0598184
4.057	0.0597617
4.058	0.0597049
4.059	0.0596482
4.06	0.0595916
4.061	0.0595349
4.062	0.0594783
4.063	0.0594217
4.064	0.0593651
4.065	0.0593086
4.066	0.0592521
4.067	0.0591956
4.068	0.0591391
4.069	0.0590827
4.07	0.0590263
4.071	0.0589699
4.072	0.0589136
4.073	0.0588573
4.074	0.058801
4.075	0.0587447
4.076	0.0586885
4.077	0.0586323
4.078	0.0585761
4.079	0.0585199
4.08	0.0584638
4.081	0.0584077
4.082	0.0583516
4.083	0.0582956
4.084	0.0582396
4.085	0.0581836
4.086	0.0581276
4.087	0.0580717
4.088	0.0580158
4.089	0.0579599
4.09	0.0579041
4.091	0.0578482
4.092	0.0577924
4.093	0.0577367
4.094	0.0576809
4.095	0.0576252
4.096	0.0575695
4.097	0.0575138
4.098	0.0574582
4.099	0.0574026
4.1	0.057347
4.101	0.0572914
4.102	0.0572359
4.103	0.0571804
4.104	0.0571249
4.105	0.0570695
4.106	0.0570141
4.107	0.0569587
4.108	0.0569033
4.109	0.056848
4.11	0.0567926
4.111	0.0567374
4.112	0.0566821
4.113	0.0566269
4.114	0.0565717
4.115	0.0565165
4.116	0.0564613
4.117	0.0564062
4.118	0.0563511
4.119	0.056296
4.12	0.056241
4.121	0.0561859
4.122	0.0561309
4.123	0.056076
4.124	0.056021
4.125	0.0559661
4.126	0.0559112
4.127	0.0558564
4.128	0.0558015
4.129	0.0557467
4.13	0.0556919
4.131	0.0556372
4.132	0.0555824
4.133	0.0555277
4.134	0.0554731
4.135	0.0554184
4.136	0.0553638
4.137	0.0553092
4.138	0.0552546
4.139	0.0552001
4.14	0.0551455
4.141	0.0550911
4.142	0.0550366
4.143	0.0549821
4.144	0.0549277
4.145	0.0548733
4.146	0.054819
4.147	0.0547646
4.148	0.0547103
4.149	0.054656
4.15	0.0546018
4.151	0.0545475
4.152	0.0544933
4.153	0.0544391
4.154	0.054385
4.155	0.0543309
4.156	0.0542768
4.157	0.0542227
4.158	0.0541686
4.159	0.0541146
4.16	0.0540606
4.161	0.0540066
4.162	0.0539527
4.163	0.0538987
4.164	0.0538449
4.165	0.053791
4.166	0.0537371
4.167	0.0536833
4.168	0.0536295
4.169	0.0535757
4.17	0.053522
4.171	0.0534683
4.172	0.0534146
4.173	0.0533609
4.174	0.0533073
4.175	0.0532537
4.176	0.0532001
4.177	0.0531465
4.178	0.053093
4.179	0.0530395
4.18	0.052986
4.181	0.0529325
4.182	0.0528791
4.183	0.0528257
4.184	0.0527723
4.185	0.0527189
4.186	0.0526656
4.187	0.0526123
4.188	0.052559
4.189	0.0525057
4.19	0.0524525
4.191	0.0523993
4.192	0.0523461
4.193	0.0522929
4.194	0.0522398
4.195	0.0521867
4.196	0.0521336
4.197	0.0520806
4.198	0.0520275
4.199	0.0519745
4.2	0.0519215
4.201	0.0518686
4.202	0.0518156
4.203	0.0517627
4.204	0.0517098
4.205	0.051657
4.206	0.0516042
4.207	0.0515514
4.208	0.0514986
4.209	0.0514458
4.21	0.0513931
4.211	0.0513404
4.212	0.0512877
4.213	0.051235
4.214	0.0511824
4.215	0.0511298
4.216	0.0510772
4.217	0.0510246
4.218	0.0509721
4.219	0.0509196
4.22	0.0508671
4.221	0.0508147
4.222	0.0507622
4.223	0.0507098
4.224	0.0506574
4.225	0.0506051
4.226	0.0505527
4.227	0.0505004
4.228	0.0504481
4.229	0.0503959
4.23	0.0503436
4.231	0.0502914
4.232	0.0502392
4.233	0.0501871
4.234	0.0501349
4.235	0.0500828
4.236	0.0500307
4.237	0.0499787
4.238	0.0499266
4.239	0.0498746
4.24	0.0498226
4.241	0.0497707
4.242	0.0497187
4.243	0.0496668
4.244	0.0496149
4.245	0.049563
4.246	0.0495112
4.247	0.0494594
4.248	0.0494076
4.249	0.0493558
4.25	0.049304
4.251	0.0492523
4.252	0.0492006
4.253	0.0491489
4.254	0.0490973
4.255	0.0490457
4.256	0.0489941
4.257	0.0489425
4.258	0.0488909
4.259	0.0488394
4.26	0.0487879
4.261	0.0487364
4.262	0.0486849
4.263	0.0486335
4.264	0.0485821
4.265	0.0485307
4.266	0.0484793
4.267	0.048428
4.268	0.0483767
4.269	0.0483254
4.27	0.0482741
4.271	0.0482229
4.272	0.0481717
4.273	0.0481205
4.274	0.0480693
4.275	0.0480182
4.276	0.047967
4.277	0.0479159
4.278	0.0478649
4.279	0.0478138
4.28	0.0477628
4.281	0.0477118
4.282	0.0476608
4.283	0.0476098
4.284	0.0475589
4.285	0.047508
4.286	0.0474571
4.287	0.0474062
4.288	0.0473554
4.289	0.0473046
4.29	0.0472538
4.291	0.047203
4.292	0.0471523
4.293	0.0471016
4.294	0.0470509
4.295	0.0470002
4.296	0.0469495
4.297	0.0468989
4.298	0.0468483
4.299	0.0467977
4.3	0.0467472
4.301	0.0466966
4.302	0.0466461
4.303	0.0465956
4.304	0.0465452
4.305	0.0464947
4.306	0.0464443
4.307	0.0463939
4.308	0.0463436
4.309	0.0462932
4.31	0.0462429
4.311	0.0461926
4.312	0.0461423
4.313	0.0460921
4.314	0.0460418
4.315	0.0459916
4.316	0.0459414
4.317	0.0458913
4.318	0.0458411
4.319	0.045791
4.32	0.0457409
4.321	0.0456909
4.322	0.0456408
4.323	0.0455908
4.324	0.0455408
4.325	0.0454908
4.326	0.0454409
4.327	0.0453909
4.328	0.045341
4.329	0.0452911
4.33	0.0452413
4.331	0.0451914
4.332	0.0451416
4.333	0.0450918
4.334	0.0450421
4.335	0.0449923
4.336	0.0449426
4.337	0.0448929
4.338	0.0448432
4.339	0.0447936
4.34	0.0447439
4.341	0.0446943
4.342	0.0446447
4.343	0.0445952
4.344	0.0445456
4.345	0.0444961
4.346	0.0444466
4.347	0.0443971
4.348	0.0443477
4.349	0.0442983
4.35	0.0442489
4.351	0.0441995
4.352	0.0441501
4.353	0.0441008
4.354	0.0440515
4.355	0.0440022
4.356	0.0439529
4.357	0.0439037
4.358	0.0438544
4.359	0.0438052
4.36	0.0437561
4.361	0.0437069
4.362	0.0436578
4.363	0.0436087
4.364	0.0435596
4.365	0.0435105
4.366	0.0434615
4.367	0.0434124
4.368	0.0433634
4.369	0.0433145
4.37	0.0432655
4.371	0.0432166
4.372	0.0431677
4.373	0.0431188
4.374	0.0430699
4.375	0.0430211
4.376	0.0429722
4.377	0.0429234
4.378	0.0428747
4.379	0.0428259
4.38	0.0427772
4.381	0.0427285
4.382	0.0426798
4.383	0.0426311
4.384	0.0425825
4.385	0.0425339
4.386	0.0424853
4.387	0.0424367
4.388	0.0423881
4.389	0.0423396
4.39	0.0422911
4.391	0.0422426
4.392	0.0421941
4.393	0.0421457
4.394	0.0420973
4.395	0.0420489
4.396	0.0420005
4.397	0.0419521
4.398	0.0419038
4.399	0.0418555
4.4	0.0418072
4.401	0.0417589
4.402	0.0417107
4.403	0.0416624
4.404	0.0416142
4.405	0.0415661
4.406	0.0415179
4.407	0.0414698
4.408	0.0414216
4.409	0.0413735
4.41	0.0413255
4.411	0.0412774
4.412	0.0412294
4.413	0.0411814
4.414	0.0411334
4.415	0.0410854
4.416	0.0410375
4.417	0.0409896
4.418	0.0409417
4.419	0.0408938
4.42	0.0408459
4.421	0.0407981
4.422	0.0407503
4.423	0.0407025
4.424	0.0406547
4.425	0.040607
4.426	0.0405593
4.427	0.0405116
4.428	0.0404639
4.429	0.0404162
4.43	0.0403686
4.431	0.0403209
4.432	0.0402734
4.433	0.0402258
4.434	0.0401782
4.435	0.0401307
4.436	0.0400832
4.437	0.0400357
4.438	0.0399882
4.439	0.0399408
4.44	0.0398933
4.441	0.0398459
4.442	0.0397986
4.443	0.0397512
4.444	0.0397038
4.445	0.0396565
4.446	0.0396092
4.447	0.039562
4.448	0.0395147
4.449	0.0394675
4.45	0.0394202
4.451	0.0393731
4.452	0.0393259
4.453	0.0392787
4.454	0.0392316
4.455	0.0391845
4.456	0.0391374
4.457	0.0390903
4.458	0.0390433
4.459	0.0389963
4.46	0.0389493
4.461	0.0389023
4.462	0.0388553
4.463	0.0388084
4.464	0.0387615
4.465	0.0387146
4.466	0.0386677
4.467	0.0386208
4.468	0.038574
4.469	0.0385272
4.47	0.0384804
4.471	0.0384336
4.472	0.0383869
4.473	0.0383401
4.474	0.0382934
4.475	0.0382467
4.476	0.0382001
4.477	0.0381534
4.478	0.0381068
4.479	0.0380602
4.48	0.0380136
4.481	0.0379671
4.482	0.0379205
4.483	0.037874
4.484	0.0378275
4.485	0.037781
4.486	0.0377345
4.487	0.0376881
4.488	0.0376417
4.489	0.0375953
4.49	0.0375489
4.491	0.0375026
4.492	0.0374562
4.493	0.0374099
4.494	0.0373636
4.495	0.0373173
4.496	0.0372711
4.497	0.0372248
4.498	0.0371786
4.499	0.0371324
4.5	0.0370863
4.501	0.0370401
4.502	0.036994
4.503	0.0369479
4.504	0.0369018
4.505	0.0368557
4.506	0.0368097
4.507	0.0367636
4.508	0.0367176
4.509	0.0366716
4.51	0.0366257
4.511	0.0365797
4.512	0.0365338
4.513	0.0364879
4.514	0.036442
4.515	0.0363961
4.516	0.0363503
4.517	0.0363045
4.518	0.0362587
4.519	0.0362129
4.52	0.0361671
4.521	0.0361214
4.522	0.0360757
4.523	0.0360299
4.524	0.0359843
4.525	0.0359386
4.526	0.035893
4.527	0.0358473
4.528	0.0358017
4.529	0.0357561
4.53	0.0357106
4.531	0.035665
4.532	0.0356195
4.533	0.035574
4.534	0.0355285
4.535	0.0354831
4.536	0.0354376
4.537	0.0353922
4.538	0.0353468
4.539	0.0353014
4.54	0.0352561
4.541	0.0352107
4.542	0.0351654
4.543	0.0351201
4.544	0.0350748
4.545	0.0350295
4.546	0.0349843
4.547	0.0349391
4.548	0.0348939
4.549	0.0348487
4.55	0.0348035
4.551	0.0347584
4.552	0.0347133
4.553	0.0346682
4.554	0.0346231
4.555	0.034578
4.556	0.034533
4.557	0.0344879
4.558	0.0344429
4.559	0.034398
4.56	0.034353
4.561	0.034308
4.562	0.0342631
4.563	0.0342182
4.564	0.0341733
4.565	0.0341285
4.566	0.0340836
4.567	0.0340388
4.568	0.033994
4.569	0.0339492
4.57	0.0339044
4.571	0.0338597
4.572	0.0338149
4.573	0.0337702
4.574	0.0337255
4.575	0.0336809
4.576	0.0336362
4.577	0.0335916
4.578	0.033547
4.579	0.0335024
4.58	0.0334578
4.581	0.0334132
4.582	0.0333687
4.583	0.0333242
4.584	0.0332797
4.585	0.0332352
4.586	0.0331908
4.587	0.0331463
4.588	0.0331019
4.589	0.0330575
4.59	0.0330131
4.591	0.0329688
4.592	0.0329244
4.593	0.0328801
4.594	0.0328358
4.595	0.0327915
4.596	0.0327473
4.597	0.032703
4.598	0.0326588
4.599	0.0326146
4.6	0.0325704
4.601	0.0325262
4.602	0.0324821
4.603	0.032438
4.604	0.0323938
4.605	0.0323498
4.606	0.0323057
4.607	0.0322616
4.608	0.0322176
4.609	0.0321736
4.61	0.0321296
4.611	0.0320856
4.612	0.0320416
4.613	0.0319977
4.614	0.0319538
4.615	0.0319099
4.616	0.031866
4.617	0.0318221
4.618	0.0317783
4.619	0.0317345
4.62	0.0316907
4.621	0.0316469
4.622	0.0316031
4.623	0.0315594
4.624	0.0315156
4.625	0.0314719
4.626	0.0314282
4.627	0.0313846
4.628	0.0313409
4.629	0.0312973
4.63	0.0312537
4.631	0.0312101
4.632	0.0311665
4.633	0.0311229
4.634	0.0310794
4.635	0.0310359
4.636	0.0309924
4.637	0.0309489
4.638	0.0309054
4.639	0.030862
4.64	0.0308185
4.641	0.0307751
4.642	0.0307317
4.643	0.0306884
4.644	0.030645
4.645	0.0306017
4.646	0.0305584
4.647	0.0305151
4.648	0.0304718
4.649	0.0304285
4.65	0.0303853
4.651	0.0303421
4.652	0.0302989
4.653	0.0302557
4.654	0.0302125
4.655	0.0301694
4.656	0.0301262
4.657	0.0300831
4.658	0.03004
4.659	0.0299969
4.66	0.0299539
4.661	0.0299109
4.662	0.0298678
4.663	0.0298248
4.664	0.0297819
4.665	0.0297389
4.666	0.0296959
4.667	0.029653
4.668	0.0296101
4.669	0.0295672
4.67	0.0295243
4.671	0.0294815
4.672	0.0294387
4.673	0.0293958
4.674	0.029353
4.675	0.0293103
4.676	0.0292675
4.677	0.0292248
4.678	0.029182
4.679	0.0291393
4.68	0.0290966
4.681	0.029054
4.682	0.0290113
4.683	0.0289687
4.684	0.0289261
4.685	0.0288835
4.686	0.0288409
4.687	0.0287983
4.688	0.0287558
4.689	0.0287133
4.69	0.0286708
4.691	0.0286283
4.692	0.0285858
4.693	0.0285433
4.694	0.0285009
4.695	0.0284585
4.696	0.0284161
4.697	0.0283737
4.698	0.0283314
4.699	0.028289
4.7	0.0282467
4.701	0.0282044
4.702	0.0281621
4.703	0.0281198
4.704	0.0280776
4.705	0.0280353
4.706	0.0279931
4.707	0.0279509
4.708	0.0279087
4.709	0.0278666
4.71	0.0278244
4.711	0.0277823
4.712	0.0277402
4.713	0.0276981
4.714	0.027656
4.715	0.027614
4.716	0.0275719
4.717	0.0275299
4.718	0.0274879
4.719	0.0274459
4.72	0.027404
4.721	0.027362
4.722	0.0273201
4.723	0.0272782
4.724	0.0272363
4.725	0.0271944
4.726	0.0271525
4.727	0.0271107
4.728	0.0270689
4.729	0.027027
4.73	0.0269853
4.731	0.0269435
4.732	0.0269017
4.733	0.02686
4.734	0.0268183
4.735	0.0267766
4.736	0.0267349
4.737	0.0266932
4.738	0.0266516
4.739	0.0266099
4.74	0.0265683
4.741	0.0265267
4.742	0.0264852
4.743	0.0264436
4.744	0.0264021
4.745	0.0263605
4.746	0.026319
4.747	0.0262775
4.748	0.0262361
4.749	0.0261946
4.75	0.0261532
4.751	0.0261117
4.752	0.0260703
4.753	0.026029
4.754	0.0259876
4.755	0.0259462
4.756	0.0259049
4.757	0.0258636
4.758	0.0258223
4.759	0.025781
4.76	0.0257397
4.761	0.0256985
4.762	0.0256573
4.763	0.0256161
4.764	0.0255749
4.765	0.0255337
4.766	0.0254925
4.767	0.0254514
4.768	0.0254103
4.769	0.0253691
4.77	0.0253281
4.771	0.025287
4.772	0.0252459
4.773	0.0252049
4.774	0.0251639
4.775	0.0251229
4.776	0.0250819
4.777	0.0250409
4.778	0.0249999
4.779	0.024959
4.78	0.0249181
4.781	0.0248772
4.782	0.0248363
4.783	0.0247954
4.784	0.0247546
4.785	0.0247138
4.786	0.0246729
4.787	0.0246321
4.788	0.0245914
4.789	0.0245506
4.79	0.0245098
4.791	0.0244691
4.792	0.0244284
4.793	0.0243877
4.794	0.024347
4.795	0.0243064
4.796	0.0242657
4.797	0.0242251
4.798	0.0241845
4.799	0.0241439
4.8	0.0241033
4.801	0.0240627
4.802	0.0240222
4.803	0.0239817
4.804	0.0239412
4.805	0.0239007
4.806	0.0238602
4.807	0.0238197
4.808	0.0237793
4.809	0.0237389
4.81	0.0236985
4.811	0.0236581
4.812	0.0236177
4.813	0.0235773
4.814	0.023537
4.815	0.0234967
4.816	0.0234564
4.817	0.0234161
4.818	0.0233758
4.819	0.0233355
4.82	0.0232953
4.821	0.0232551
4.822	0.0232149
4.823	0.0231747
4.824	0.0231345
4.825	0.0230943
4.826	0.0230542
4.827	0.0230141
4.828	0.022974
4.829	0.0229339
4.83	0.0228938
4.831	0.0228537
4.832	0.0228137
4.833	0.0227737
4.834	0.0227337
4.835	0.0226937
4.836	0.0226537
4.837	0.0226137
4.838	0.0225738
4.839	0.0225339
4.84	0.022494
4.841	0.0224541
4.842	0.0224142
4.843	0.0223743
4.844	0.0223345
4.845	0.0222947
4.846	0.0222549
4.847	0.0222151
4.848	0.0221753
4.849	0.0221355
4.85	0.0220958
4.851	0.0220561
4.852	0.0220164
4.853	0.0219767
4.854	0.021937
4.855	0.0218973
4.856	0.0218577
4.857	0.0218181
4.858	0.0217784
4.859	0.0217388
4.86	0.0216993
4.861	0.0216597
4.862	0.0216202
4.863	0.0215806
4.864	0.0215411
4.865	0.0215016
4.866	0.0214621
4.867	0.0214227
4.868	0.0213832
4.869	0.0213438
4.87	0.0213044
4.871	0.021265
4.872	0.0212256
4.873	0.0211862
4.874	0.0211469
4.875	0.0211075
4.876	0.0210682
4.877	0.0210289
4.878	0.0209896
4.879	0.0209503
4.88	0.0209111
4.881	0.0208718
4.882	0.0208326
4.883	0.0207934
4.884	0.0207542
4.885	0.020715
4.886	0.0206759
4.887	0.0206367
4.888	0.0205976
4.889	0.0205585
4.89	0.0205194
4.891	0.0204803
4.892	0.0204413
4.893	0.0204022
4.894	0.0203632
4.895	0.0203242
4.896	0.0202852
4.897	0.0202462
4.898	0.0202072
4.899	0.0201683
4.9	0.0201293
4.901	0.0200904
4.902	0.0200515
4.903	0.0200126
4.904	0.0199738
4.905	0.0199349
4.906	0.0198961
4.907	0.0198573
4.908	0.0198184
4.909	0.0197797
4.91	0.0197409
4.911	0.0197021
4.912	0.0196634
4.913	0.0196246
4.914	0.0195859
4.915	0.0195472
4.916	0.0195086
4.917	0.0194699
4.918	0.0194312
4.919	0.0193926
4.92	0.019354
4.921	0.0193154
4.922	0.0192768
4.923	0.0192382
4.924	0.0191997
4.925	0.0191611
4.926	0.0191226
4.927	0.0190841
4.928	0.0190456
4.929	0.0190071
4.93	0.0189687
4.931	0.0189302
4.932	0.0188918
4.933	0.0188534
4.934	0.018815
4.935	0.0187766
4.936	0.0187382
4.937	0.0186999
4.938	0.0186616
4.939	0.0186232
4.94	0.0185849
4.941	0.0185466
4.942	0.0185084
4.943	0.0184701
4.944	0.0184319
4.945	0.0183936
4.946	0.0183554
4.947	0.0183172
4.948	0.018279
4.949	0.0182409
4.95	0.0182027
4.951	0.0181646
4.952	0.0181265
4.953	0.0180884
4.954	0.0180503
4.955	0.0180122
4.956	0.0179742
4.957	0.0179361
4.958	0.0178981
4.959	0.0178601
4.96	0.0178221
4.961	0.0177841
4.962	0.0177461
4.963	0.0177082
4.964	0.0176703
4.965	0.0176323
4.966	0.0175944
4.967	0.0175565
4.968	0.0175187
4.969	0.0174808
4.97	0.017443
4.971	0.0174051
4.972	0.0173673
4.973	0.0173295
4.974	0.0172918
4.975	0.017254
4.976	0.0172162
4.977	0.0171785
4.978	0.0171408
4.979	0.0171031
4.98	0.0170654
4.981	0.0170277
4.982	0.0169901
4.983	0.0169524
4.984	0.0169148
4.985	0.0168772
4.986	0.0168396
4.987	0.016802
4.988	0.0167644
4.989	0.0167269
4.99	0.0166893
4.991	0.0166518
4.992	0.0166143
4.993	0.0165768
4.994	0.0165393
4.995	0.0165019
4.996	0.0164644
4.997	0.016427
4.998	0.0163896
4.999	0.0163522
5	0.0163148
5.001	0.0162774
5.002	0.01624
5.003	0.0162027
5.004	0.0161654
5.005	0.016128
5.006	0.0160907
5.007	0.0160535
5.008	0.0160162
5.009	0.0159789
5.01	0.0159417
5.011	0.0159045
5.012	0.0158673
5.013	0.0158301
5.014	0.0157929
5.015	0.0157557
5.016	0.0157186
5.017	0.0156815
5.018	0.0156443
5.019	0.0156072
5.02	0.0155701
5.021	0.0155331
5.022	0.015496
5.023	0.015459
5.024	0.0154219
5.025	0.0153849
5.026	0.0153479
5.027	0.0153109
5.028	0.015274
5.029	0.015237
5.03	0.0152001
5.031	0.0151631
5.032	0.0151262
5.033	0.0150893
5.034	0.0150524
5.035	0.0150156
5.036	0.0149787
5.037	0.0149419
5.038	0.0149051
5.039	0.0148682
5.04	0.0148314
5.041	0.0147947
5.042	0.0147579
5.043	0.0147212
5.044	0.0146844
5.045	0.0146477
5.046	0.014611
5.047	0.0145743
5.048	0.0145376
5.049	0.014501
5.05	0.0144643
5.051	0.0144277
5.052	0.0143911
5.053	0.0143544
5.054	0.0143179
5.055	0.0142813
5.056	0.0142447
5.057	0.0142082
5.058	0.0141716
5.059	0.0141351
5.06	0.0140986
5.061	0.0140621
5.062	0.0140257
5.063	0.0139892
5.064	0.0139527
5.065	0.0139163
5.066	0.0138799
5.067	0.0138435
5.068	0.0138071
5.069	0.0137707
5.07	0.0137344
5.071	0.013698
5.072	0.0136617
5.073	0.0136254
5.074	0.0135891
5.075	0.0135528
5.076	0.0135165
5.077	0.0134803
5.078	0.013444
5.079	0.0134078
5.08	0.0133716
5.081	0.0133354
5.082	0.0132992
5.083	0.013263
5.084	0.0132269
5.085	0.0131907
5.086	0.0131546
5.087	0.0131185
5.088	0.0130824
5.089	0.0130463
5.09	0.0130102
5.091	0.0129742
5.092	0.0129381
5.093	0.0129021
5.094	0.0128661
5.095	0.0128301
5.096	0.0127941
5.097	0.0127581
5.098	0.0127221
5.099	0.0126862
5.1	0.0126503
5.101	0.0126143
5.102	0.0125784
5.103	0.0125426
5.104	0.0125067
5.105	0.0124708
5.106	0.012435
5.107	0.0123991
5.108	0.0123633
5.109	0.0123275
5.11	0.0122917
5.111	0.012256
5.112	0.0122202
5.113	0.0121844
5.114	0.0121487
5.115	0.012113
5.116	0.0120773
5.117	0.0120416
5.118	0.0120059
5.119	0.0119703
5.12	0.0119346
5.121	0.011899
5.122	0.0118634
5.123	0.0118277
5.124	0.0117922
5.125	0.0117566
5.126	0.011721
5.127	0.0116855
5.128	0.0116499
5.129	0.0116144
5.13	0.0115789
5.131	0.0115434
5.132	0.0115079
5.133	0.0114724
5.134	0.011437
5.135	0.0114015
5.136	0.0113661
5.137	0.0113307
5.138	0.0112953
5.139	0.0112599
5.14	0.0112245
5.141	0.0111892
5.142	0.0111538
5.143	0.0111185
5.144	0.0110832
5.145	0.0110479
5.146	0.0110126
5.147	0.0109773
5.148	0.0109421
5.149	0.0109068
5.15	0.0108716
5.151	0.0108364
5.152	0.0108012
5.153	0.010766
5.154	0.0107308
5.155	0.0106956
5.156	0.0106605
5.157	0.0106253
5.158	0.0105902
5.159	0.0105551
5.16	0.01052
5.161	0.0104849
5.162	0.0104499
5.163	0.0104148
5.164	0.0103798
5.165	0.0103447
5.166	0.0103097
5.167	0.0102747
5.168	0.0102397
5.169	0.0102048
5.17	0.0101698
5.171	0.0101348
5.172	0.0100999
5.173	0.010065
5.174	0.0100301
5.175	0.0099952
5.176	0.00996032
5.177	0.00992546
5.178	0.0098906
5.179	0.00985577
5.18	0.00982094
5.181	0.00978613
5.182	0.00975133
5.183	0.00971655
5.184	0.00968178
5.185	0.00964702
5.186	0.00961228
5.187	0.00957755
5.188	0.00954283
5.189	0.00950812
5.19	0.00947343
5.191	0.00943876
5.192	0.0094041
5.193	0.00936945
5.194	0.00933481
5.195	0.00930019
5.196	0.00926558
5.197	0.00923098
5.198	0.0091964
5.199	0.00916183
5.2	0.00912727
5.201	0.00909273
5.202	0.0090582
5.203	0.00902368
5.204	0.00898918
5.205	0.00895469
5.206	0.00892022
5.207	0.00888575
5.208	0.0088513
5.209	0.00881687
5.21	0.00878244
5.211	0.00874803
5.212	0.00871364
5.213	0.00867926
5.214	0.00864489
5.215	0.00861053
5.216	0.00857619
5.217	0.00854186
5.218	0.00850754
5.219	0.00847323
5.22	0.00843894
5.221	0.00840467
5.222	0.0083704
5.223	0.00833615
5.224	0.00830191
5.225	0.00826769
5.226	0.00823348
5.227	0.00819928
5.228	0.00816509
5.229	0.00813092
5.23	0.00809676
5.231	0.00806262
5.232	0.00802849
5.233	0.00799437
5.234	0.00796026
5.235	0.00792617
5.236	0.00789209
5.237	0.00785802
5.238	0.00782396
5.239	0.00778992
5.24	0.0077559
5.241	0.00772188
5.242	0.00768788
5.243	0.00765389
5.244	0.00761991
5.245	0.00758595
5.246	0.007552
5.247	0.00751806
5.248	0.00748414
5.249	0.00745023
5.25	0.00741633
5.251	0.00738245
5.252	0.00734858
5.253	0.00731472
5.254	0.00728087
5.255	0.00724704
5.256	0.00721322
5.257	0.00717941
5.258	0.00714562
5.259	0.00711184
5.26	0.00707807
5.261	0.00704431
5.262	0.00701057
5.263	0.00697684
5.264	0.00694312
5.265	0.00690942
5.266	0.00687573
5.267	0.00684205
5.268	0.00680838
5.269	0.00677473
5.27	0.00674109
5.271	0.00670746
5.272	0.00667385
5.273	0.00664025
5.274	0.00660666
5.275	0.00657309
5.276	0.00653952
5.277	0.00650597
5.278	0.00647244
5.279	0.00643891
5.28	0.0064054
5.281	0.0063719
5.282	0.00633841
5.283	0.00630494
5.284	0.00627148
5.285	0.00623803
5.286	0.0062046
5.287	0.00617117
5.288	0.00613776
5.289	0.00610437
5.29	0.00607098
5.291	0.00603761
5.292	0.00600425
5.293	0.00597091
5.294	0.00593757
5.295	0.00590425
5.296	0.00587094
5.297	0.00583765
5.298	0.00580436
5.299	0.00577109
5.3	0.00573783
5.301	0.00570459
5.302	0.00567136
5.303	0.00563814
5.304	0.00560493
5.305	0.00557173
5.306	0.00553855
5.307	0.00550538
5.308	0.00547222
5.309	0.00543908
5.31	0.00540595
5.311	0.00537283
5.312	0.00533972
5.313	0.00530663
5.314	0.00527354
5.315	0.00524048
5.316	0.00520742
5.317	0.00517437
5.318	0.00514134
5.319	0.00510832
5.32	0.00507532
5.321	0.00504232
5.322	0.00500934
5.323	0.00497637
5.324	0.00494341
5.325	0.00491047
5.326	0.00487754
5.327	0.00484462
5.328	0.00481171
5.329	0.00477881
5.33	0.00474593
5.331	0.00471306
5.332	0.0046802
5.333	0.00464736
5.334	0.00461452
5.335	0.0045817
5.336	0.0045489
5.337	0.0045161
5.338	0.00448332
5.339	0.00445054
5.34	0.00441779
5.341	0.00438504
5.342	0.00435231
5.343	0.00431958
5.344	0.00428687
5.345	0.00425418
5.346	0.00422149
5.347	0.00418882
5.348	0.00415616
5.349	0.00412351
5.35	0.00409087
5.351	0.00405825
5.352	0.00402564
5.353	0.00399304
5.354	0.00396045
5.355	0.00392788
5.356	0.00389532
5.357	0.00386277
5.358	0.00383023
5.359	0.0037977
5.36	0.00376519
5.361	0.00373269
5.362	0.0037002
5.363	0.00366772
5.364	0.00363526
5.365	0.00360281
5.366	0.00357037
5.367	0.00353794
5.368	0.00350552
5.369	0.00347312
5.37	0.00344073
5.371	0.00340835
5.372	0.00337598
5.373	0.00334362
5.374	0.00331128
5.375	0.00327895
5.376	0.00324663
5.377	0.00321432
5.378	0.00318203
5.379	0.00314974
5.38	0.00311747
5.381	0.00308521
5.382	0.00305297
5.383	0.00302073
5.384	0.00298851
5.385	0.0029563
5.386	0.0029241
5.387	0.00289191
5.388	0.00285974
5.389	0.00282758
5.39	0.00279543
5.391	0.00276329
5.392	0.00273116
5.393	0.00269905
5.394	0.00266695
5.395	0.00263485
5.396	0.00260278
5.397	0.00257071
5.398	0.00253866
5.399	0.00250661
5.4	0.00247458
5.401	0.00244256
5.402	0.00241056
5.403	0.00237856
5.404	0.00234658
5.405	0.00231461
5.406	0.00228265
5.407	0.0022507
5.408	0.00221876
5.409	0.00218684
5.41	0.00215493
5.411	0.00212303
5.412	0.00209114
5.413	0.00205926
5.414	0.0020274
5.415	0.00199555
5.416	0.00196371
5.417	0.00193188
5.418	0.00190006
5.419	0.00186826
5.42	0.00183646
5.421	0.00180468
5.422	0.00177291
5.423	0.00174115
5.424	0.00170941
5.425	0.00167767
5.426	0.00164595
5.427	0.00161424
5.428	0.00158254
5.429	0.00155085
5.43	0.00151918
5.431	0.00148751
5.432	0.00145586
5.433	0.00142422
5.434	0.00139259
5.435	0.00136097
5.436	0.00132937
5.437	0.00129777
5.438	0.00126619
5.439	0.00123462
5.44	0.00120306
5.441	0.00117152
5.442	0.00113998
5.443	0.00110846
5.444	0.00107694
5.445	0.00104544
5.446	0.00101395
5.447	0.000982478
5.448	0.000951012
5.449	0.000919558
5.45	0.000888116
5.451	0.000856685
5.452	0.000825266
5.453	0.000793859
5.454	0.000762463
5.455	0.000731078
5.456	0.000699706
5.457	0.000668345
5.458	0.000636995
5.459	0.000605657
5.46	0.00057433
5.461	0.000543015
5.462	0.000511712
5.463	0.00048042
5.464	0.00044914
5.465	0.000417871
5.466	0.000386613
5.467	0.000355368
5.468	0.000324133
5.469	0.00029291
5.47	0.000261699
5.471	0.000230499
5.472	0.000199311
5.473	0.000168134
5.474	0.000136968
5.475	0.000105814
5.476	7.46718e-05
5.477	4.35406e-05
5.478	1.24209e-05
